id,time,ipa,category,gloss,frequency
mean,-2000,ˈkʲommojnis,adj,mean,821275
mean,200,ˈɣɑmɑjniz,adj,,
mean,900,jeˈmæːne,adj,,
mean,final,ˈmiːn,adj,,
any,-2000,ojnoˈkos,adj,any,767968
any,200,ˈɑjnɑɣɑz,adj,,
any,900,ˈæːnij,adj,,
any,final,ˈɛni,adj,,
two,-2000,ˈdwoχ,num,two,764564
two,200,ˈtwɑj,num,,
two,900,ˈtweːjen,num,,
two,1400,ˈtwæj,num,,
even,-2000,ˈχepi,noun,even,744544
even,200,ˈɛːβɑnθ̠s,noun,,
even,900,ˈæːfen,noun,,
even,1400,ˈɛːvən,noun,,
even,final,ˈiːvən,noun,,
other,-2000,ˈħenteros,adj,other,577197
other,200,ˈɑnθ̠ɑrɑz,adj,,
other,900,ˈoːθ̠er,adj,,
other,1400,ˈuð̠ər,adj,,
other,final,ˈʌðə,adj,,
last,-2000,ˈlojstos,noun,last,527395
last,200,ˈlɑjstɑz,noun,,
last,900,ˈlɑːst,noun,,
last,final,ˈlɑːst,noun,,
new,-2000,ˈnewjos,adj,new,508486
new,200,ˈniwjɑz,adj,,
new,900,ˈniyːwe,adj,,
new,1400,ˈniw,adj,,
new,final,ˈnjuː,adj,,
long,-2000,ˈdlongʱos,adj,long,496267
long,200,ˈlɑŋgɑz,adj,,
long,900,ˈlɑŋg,adj,,
long,1400,ˈlɔːŋg,adj,,
long,final,ˈlɒŋ,adj,,
old,-2000,ħelˈtos,adj,old,431911
old,200,ˈɑldɑz,adj,,
old,900,ˈæɑld,adj,,
old,1400,ˈɔːld,adj,,
old,final,ˈəʊld,adj,,
kind,-2000,ˈgʲenχtis,noun,kind,392242
kind,200,ˈkinθ̠iz,noun,,
kind,900,ˈkynd,noun,,
kind,1400,ˈkiːnd,noun,,
kind,final,ˈkaɪnd,noun,,
might,-2000,ˈmogʱtis,noun,might,367145
might,200,ˈmɑxtiz,noun,,
might,900,ˈmixt,noun,,
might,1400,ˈmixt,noun,,
might,final,ˈmaɪt,noun,,
three,-2000,ˈtrejes,num,three,366626
three,200,ˈθ̠riːz,num,,
three,900,ˈθ̠riː,num,,
three,1400,ˈθ̠reː,num,,
three,final,ˈθɹiː,num,,
son,-2000,suˈχnus,noun,son,325997
son,200,ˈsunuz,noun,,
son,900,ˈsunu,noun,,
son,1400,ˈsun,noun,,
son,final,ˈsʌn,noun,,
mind,-2000,mn̩ˈtis,noun,mind,312927
mind,200,ˈmundiz,noun,,
mind,1400,ˈmuːnd,noun,,
mind,final,ˈmaɪnd,noun,,
saw,-2000,soˈkeħ,noun,saw,297985
saw,200,ˈsɑɣɔː,noun,,
saw,900,ˈsɑgu,noun,,
saw,1400,ˈsaw,noun,,
saw,final,ˈsɔː,noun,,
ready,-2000,ħrojˈdʱos,adj,ready,267268
ready,200,ˈrɑjð̠ɑz,adj,,
ready,900,ˈræːde,adj,,
ready,final,ˈɹɛdi,adj,,
hold,-2000,ˈkʲl̩tos,adj,hold,262367
hold,200,ˈxulθ̠ɑz,adj,,
hold,900,ˈxold,adj,,
hold,final,ˈhəʊld,adj,,
brother,-2000,ˈbʱreħteːr,noun,brother,259877
brother,200,ˈbrɔːθ̠ɛːr,noun,,
brother,900,ˈbroːθ̠or,noun,,
brother,1400,ˈbroːð̠ər,noun,,
brother,final,ˈbɹʌðə,noun,,
haven,-2000,ˈkħponeħ,noun,haven,258463
haven,200,ˈxɑβɑnɔː,noun,,
haven,900,ˈxæfen,noun,,
haven,1400,ˈhaːvən,noun,,
haven,final,ˈheɪvən,noun,,
whole,-2000,ˈkeħilos,adj,whole,257109
whole,200,ˈxɑjlɑz,adj,,
whole,900,ˈxɑːl,adj,,
whole,final,ˈhəʊl,adj,,
hard,-2000,korˈtus,adj,hard,242871
hard,200,ˈxɑrð̠uz,adj,,
hard,900,ˈxæɑrd,adj,,
hard,1400,ˈhard,adj,,
hard,final,ˈhɑːd,adj,,
end,-2000,ħenˈtios,noun,end,237387
end,200,ˈɑndijɑz,noun,,
end,900,ˈende,noun,,
end,1400,ˈeːnd,noun,,
end,final,ˈɛnd,noun,,
heart,-2000,ˈkʲerdoː,noun,heart,213914
heart,200,ˈxertɔːː,noun,,
heart,900,ˈxeorte,noun,,
heart,1400,ˈhɛrt,noun,,
heart,final,ˈhɑːt,noun,,
young,-2000,ħjuχn̩ˈkʲos,adj,young,194810
young,200,ˈjuŋgɑz,adj,,
young,900,ˈjuŋg,adj,,
young,1400,ˈjuŋg,adj,,
young,final,ˈjʌŋ,adj,,
death,-2000,ˈdʱowtus,noun,death,189000
death,200,ˈdɑwθ̠uz,noun,,
death,900,ˈdæɑːθ̠,noun,,
death,1400,ˈdɛːθ̠,noun,,
death,final,ˈdɛθ,noun,,
five,-2000,ˈpenkʷe,num,five,183626
five,200,ˈɸimɸ,num,,
five,900,ˈfiːf,num,,
five,1400,ˈfiːf,num,,
five,final,ˈfaɪ̯v,num,,
four,-2000,kʷeˈtwores,num,four,166957
four,200,ˈɸeð̠wɔːr,num,,
four,900,ˈfeoːwer,num,,
four,1400,ˈfɔwr,num,,
four,final,ˈfɔː,num,,
word,-2000,wr̩ˈdʱom,noun,word,164938
word,200,ˈwurð̠ɑ̃,noun,,
word,900,ˈword,noun,,
word,1400,ˈwurd,noun,,
word,final,ˈwɜːd,noun,,
daughter,-2000,dʱugħˈteːr,noun,daughter,163071
daughter,200,ˈduxtɛːr,noun,,
daughter,900,ˈdoxtor,noun,,
daughter,1400,ˈdɔxtər,noun,,
daughter,final,ˈdɔːtə,noun,,
fire,-2000,pħuˈoːr,noun,fire,157532
fire,200,ˈɸɔːr,noun,,
fire,900,ˈfyːr,noun,,
fire,1400,ˈfiːr,noun,,
fire,final,ˈfaɪə,noun,,
sister,-2000,ˈswesteːr,noun,sister,154095
sister,200,ˈswestɛːr,noun,,
sister,900,ˈsweostor,noun,,
sister,1400,ˈsustər,noun,,
free,-2000,priˈχos,adj,free,137598
free,200,ˈɸrijɑz,adj,,
free,900,ˈfreoː,adj,,
free,1400,ˈfrøː,adj,,
free,final,ˈfɹiː,adj,,
bed,-2000,bʱoˈdʱħjom,noun,bed,131445
bed,200,ˈbɑð̠jɑ̃,noun,,
bed,900,ˈbedd,noun,,
bed,1400,ˈbɛd,noun,,
bed,final,ˈbɛd,noun,,
full,-2000,pl̩ˈχnos,adj,full,129735
full,200,ˈɸullɑz,adj,,
full,900,ˈfull,adj,,
full,1400,ˈfoːl,adj,,
full,final,ˈfʊl,adj,,
light,-2000,ˈlewktom,noun,light,126657
light,200,ˈlewxtɑ̃,noun,,
light,900,ˈleoːxt,noun,,
light,1400,ˈlixt,noun,,
light,final,ˈlaɪt,noun,,
six,-2000,ˈsekʲs,num,six,124087
six,200,ˈsexs,num,,
six,900,ˈsiks,num,,
six,1400,ˈsiks,num,,
six,final,ˈsɪks,num,,
white,-2000,ˈkʲwejtoːr,adj,white,112881
white,200,ˈxʷiːtɑz,adj,,
white,900,ˈxwiːt,adj,,
white,1400,ˈhwiːt,adj,,
white,final,ˈwaɪt,adj,,
ten,-2000,ˈdekʲm̩,num,ten,100133
ten,200,ˈtexun,num,,
ten,900,ˈtiyːn,num,,
ten,1400,ˈtɛn,num,,
ten,final,ˈtɛn,num,,
cold,-2000,golˈtos,adj,cold,99032
cold,200,ˈkɑldɑz,adj,,
cold,900,ˈt͡ʃæɑld,adj,,
cold,1400,ˈkɔːld,adj,,
cold,final,ˈkəʊld,adj,,
dream,-2000,ˈdʱrowgʱmos,noun,dream,95089
dream,200,ˈdrɑwmɑz,noun,,
dream,900,ˈdræɑːm,noun,,
dream,1400,ˈdrɛːm,noun,,
dream,final,ˈdɹiːm,noun,,
sweet,-2000,ˈsweħdus,adj,sweet,94057
sweet,200,ˈswɔːtuz,adj,,
sweet,900,ˈsweːte,adj,,
sweet,1400,ˈsweːt,adj,,
sweet,final,ˈswiːt,adj,,
quick,-2000,gʷiˈʁʷwos,adj,quick,81548
quick,200,ˈkʷikʷɑz,adj,,
quick,900,ˈkwik,adj,,
quick,1400,ˈkwik,adj,,
quick,final,ˈkwɪk,adj,,
seven,-2000,sepˈtm̩,num,seven,70968
seven,200,ˈseβun,num,,
seven,900,ˈseofon,num,,
seven,1400,ˈsɛvən,num,,
seven,final,ˈsɛvən,num,,
floor,-2000,ˈpleħros,noun,floor,66456
floor,200,ˈɸlɔːrɑz,noun,,
floor,900,ˈfloːr,noun,,
floor,1400,ˈfloːr,noun,,
floor,final,ˈflɔː,noun,,
boat,-2000,ˈbʱojdos,noun,boat,62148
boat,200,ˈbɑjtɑz,noun,,
boat,900,ˈbɑːt,noun,,
boat,1400,ˈbɔːt,noun,,
boat,final,ˈbəʊ̯t,noun,,
fish,-2000,ˈpiskos,noun,fish,61813
fish,200,ˈɸiskɑz,noun,,
fish,900,ˈfiʃ,noun,,
fish,1400,ˈfiʃ,noun,,
fish,final,ˈfɪʃ,noun,,
eight,-2000,okʲˈtoːw,num,eight,61400
eight,200,ˈɑxtɔːw,num,,
eight,900,ˈæɑxtɑ,num,,
eight,1400,ˈæjxt,num,,
eight,final,ˈeɪt,num,,
star,-2000,ħsterˈnoːn,noun,star,60903
star,200,ˈsternɔ̃ː,noun,,
star,900,ˈsteorrɑ,noun,,
star,1400,ˈstɛr,noun,,
share,-2000,skoˈreħ,noun,share,56854
share,200,ˈskɑrɔː,noun,,
share,900,ˈʃɑru,noun,,
share,1400,ˈʃaːr,noun,,
share,final,ˈʃɛə,noun,,
evil,-2000,ħuˈpelos,adj,evil,52175
evil,200,ˈuβilɑz,adj,,
evil,900,ˈyfel,adj,,
evil,1400,ˈivəl,adj,,
evil,final,ˈiːvəl,adj,,
south,-2000,ˈsħunteros,adj,south,50364
south,200,ˈsunθ̠rɑz,adj,,
south,900,ˈsuːθ̠,adj,,
south,1400,ˈsuːθ̠,adj,,
south,final,ˈsaʊ̯θ,adj,,
beer,-2000,bʱewˈsom,noun,beer,48641
beer,200,ˈbewzɑ̃,noun,,
beer,900,ˈbeoːr,noun,,
beer,1400,ˈbeːr,noun,,
beer,final,ˈbɪə̯,noun,,
wind,-2000,ˈħweχn̩ts,noun,wind,48063
wind,200,ˈwindɑz,noun,,
wind,900,ˈwind,noun,,
wind,1400,ˈwiːnd,noun,,
wind,final,ˈwɪnd,noun,,
foot,-2000,ˈpoːds,noun,foot,44588
foot,200,ˈɸɔːts,noun,,
foot,900,ˈfoːt,noun,,
foot,1400,ˈfoːt,noun,,
nine,-2000,ˈχnewn̩,num,nine,42538
nine,200,ˈnewun,num,,
nine,900,ˈnigon,num,,
nine,1400,ˈniːn,num,,
nine,final,ˈnaɪn,num,,
arm,-2000,ˈħermos,noun,arm,41726
arm,200,ˈɑrmɑz,noun,,
arm,900,ˈæɑrm,noun,,
arm,1400,ˈarm,noun,,
arm,final,ˈɑːm,noun,,
cost,-2000,ˈgʲustus,noun,cost,39485
cost,200,ˈkustuz,noun,,
cost,900,ˈkost,noun,,
cost,final,ˈkɒst,noun,,
warm,-2000,ˈgʷʱormos,adj,warm,38355
warm,200,ˈwɑrmɑz,adj,,
warm,900,ˈwæɑrm,adj,,
warm,1400,ˈwarm,adj,,
warm,final,ˈwɔːm,adj,,
bottle,-2000,ˈbʱoħutlom,noun,bottle,38229
bottle,200,ˈbɔːθ̠lɑ̃,noun,,
bottle,900,ˈbotl,noun,,
bottle,final,ˈbɒtl̩,noun,,
lay,-2000,loˈkus,noun,lay,36984
lay,200,ˈlɑɣuz,noun,,
lay,900,ˈlɑgu,noun,,
lay,1400,ˈlaɣə,noun,,
lay,final,ˈleɪ,noun,,
ghost,-2000,ˈgʲʱojsdos,noun,ghost,35051
ghost,200,ˈɣɑjstɑz,noun,,
ghost,900,ˈgɑːst,noun,,
ghost,1400,ˈgɔːst,noun,,
ghost,final,ˈgəʊst,noun,,
loud,-2000,kʲluˈtos,adj,loud,32757
loud,200,ˈxluːð̠ɑz,adj,,
loud,900,ˈxluːd,adj,,
loud,1400,ˈluːd,adj,,
loud,final,ˈlaʊ̯d,adj,,
finger,-2000,penˈkʷros,noun,finger,26967
finger,200,ˈɸiŋgrɑz,noun,,
finger,900,ˈfinger,noun,,
finger,1400,ˈfiŋgər,noun,,
finger,final,ˈfɪŋgəː,noun,,
weather,-2000,ˈwedʱrom,noun,weather,26740
weather,200,ˈweð̠rɑ̃,noun,,
weather,900,ˈweder,noun,,
weather,1400,ˈwɛdər,noun,,
weather,final,ˈwɛðə,noun,,
harm,-2000,ˈpkʲormos,noun,harm,26574
harm,200,ˈxɑrmɑz,noun,,
harm,900,ˈxæɑrm,noun,,
harm,final,ˈhɑːm,noun,,
winter,-2000,ˈħweχn̩tos,noun,winter,24005
winter,200,ˈwintruz,noun,,
winter,900,ˈwinter,noun,,
winter,1400,ˈwintər,noun,,
winter,final,ˈwɪntə,noun,,
horn,-2000,kʲr̩ˈħnom,noun,horn,22716
horn,200,ˈxurnɑ̃,noun,,
horn,900,ˈxorn,noun,,
horn,1400,ˈhɔrn,noun,,
horn,final,ˈhɔːn,noun,,
whore,-2000,ˈkʲeħroːn,noun,whore,20444
whore,200,ˈxɔːrɔ̃ː,noun,,
whore,900,ˈxoːre,noun,,
whore,1400,ˈhoːr,noun,,
whore,final,ˈhɔː,noun,,
ear,-2000,ˈħekʲos,noun,ear,19950
ear,200,ˈɑxɑz,noun,,
ear,900,ˈæɑːr,noun,,
ear,1400,ˈɛːr,noun,,
ear,final,ˈɪə̯,noun,,
dust,-2000,dʱusˈtom,noun,dust,18820
dust,200,ˈdustɑ̃,noun,,
dust,900,ˈduːst,noun,,
dust,1400,ˈdust,noun,,
dust,final,ˈdʌst,noun,,
wolf,-2000,ˈwl̩kʷos,noun,wolf,18566
wolf,200,ˈwulɸɑz,noun,,
wolf,900,ˈwulf,noun,,
wolf,1400,ˈwulf,noun,,
wolf,final,ˈwʊlf,noun,,
cow,-2000,ˈgʷoːws,noun,cow,18392
cow,200,ˈkɔːz,noun,,
cow,900,ˈkuː,noun,,
cow,1400,ˈkuː,noun,,
cow,final,ˈkaʊ,noun,,
fourth,-2000,kʷetwr̩ˈtoː,adj,fourth,18301
fourth,200,ˈɸeð̠urθ̠ɔːː,adj,,
fourth,900,ˈfeoːrθ̠ɑ,adj,,
fourth,1400,ˈfeːrð̠,adj,,
fourth,final,ˈfɔːθ,adj,,
wheel,-2000,ˈkʷekʷlom,noun,wheel,17795
wheel,200,ˈxʷexʷlɑ̃,noun,,
wheel,900,ˈxweoːl,noun,,
wheel,1400,ˈhweːl,noun,,
wheel,final,ˈwiːl,noun,,
youth,-2000,ħjuχn̩ˈtis,noun,youth,17703
youth,200,ˈjuɣunθ̠iz,noun,,
youth,900,ˈjuguθ̠,noun,,
youth,1400,ˈjuːð̠,noun,,
youth,final,ˈjuːθ,noun,,
wire,-2000,ˈweχiros,noun,wire,16416
wire,200,ˈwiːrɑz,noun,,
wire,900,ˈwiːr,noun,,
wire,1400,ˈwɛːr,noun,,
yard,-2000,ˈgʱordʱos,noun,yard,16138
yard,200,ˈɣɑrð̠ɑz,noun,,
yard,900,ˈjæɑrd,noun,,
yard,1400,ˈjɛːrd,noun,,
yard,final,ˈjɑːd,noun,,
thin,-2000,tn̩ˈħwus,adj,thin,15296
thin,200,ˈθ̠unnuz,adj,,
thin,900,ˈθ̠ynne,adj,,
thin,1400,ˈθ̠in,adj,,
thin,final,ˈθɪn,adj,,
fifth,-2000,penkʷˈtoː,adj,fifth,13690
fifth,200,ˈɸimɸtɔːː,adj,,
fifth,900,ˈfiːftɑ,adj,,
fifth,1400,ˈfift,adj,,
fox,-2000,ˈpukʲsos,noun,fox,13409
fox,200,ˈɸuxsɑz,noun,,
fox,900,ˈfoks,noun,,
fox,1400,ˈfɔks,noun,,
fox,final,ˈfɒks,noun,,
buck,-2000,ˈbʱugʲkos,noun,buck,12711
buck,200,ˈbukkɑz,noun,,
buck,900,ˈbukk,noun,,
buck,1400,ˈbuk,noun,,
buck,final,ˈbʌk,noun,,
thick,-2000,ˈtegus,adj,thick,12143
thick,200,ˈθ̠ekuz,adj,,
thick,900,ˈθ̠ikke,adj,,
thick,1400,ˈθ̠ik,adj,,
thick,final,ˈθɪk,adj,,
ward,-2000,worˈtos,noun,ward,11428
ward,200,ˈwɑrð̠ɑz,noun,,
ward,900,ˈwæɑrd,noun,,
ward,final,ˈwɔːd,noun,,
shell,-2000,ˈskolχjeħ,noun,shell,10381
shell,200,ˈskɑljɔː,noun,,
shell,900,ˈʃiyll,noun,,
shell,final,ˈʃɛl,noun,,
widow,-2000,χwidʱeˈwoːn,noun,widow,10080
widow,200,ˈwið̠uwɔ̃ː,noun,,
widow,900,ˈwiduwe,noun,,
widow,final,ˈwɪdəʊ,noun,,
knee,-2000,ˈgʲnewom,noun,knee,10000
knee,200,ˈknewɑ̃,noun,,
knee,900,ˈkneoːw,noun,,
knee,1400,ˈkneː,noun,,
corn,-2000,gʲr̩ˈħnom,noun,corn,9781
corn,200,ˈkurnɑ̃,noun,,
corn,900,ˈkorn,noun,,
corn,1400,ˈkɔrn,noun,,
corn,final,ˈkɔːn,noun,,
tale,-2000,dolˈχeħ,noun,tale,9672
tale,200,ˈtɑlɔː,noun,,
tale,900,ˈtɑlu,noun,,
tale,1400,ˈtaːl,noun,,
tale,final,ˈteːl,noun,,
tooth,-2000,ˈʁʷdonts,noun,tooth,9408
tooth,200,ˈtɑnθ̠s,noun,,
tooth,900,ˈtoːθ̠,noun,,
tooth,1400,ˈtoːθ̠,noun,,
tooth,final,ˈtuːθ,noun,,
chin,-2000,ˈgʲenwus,noun,chin,9359
chin,200,ˈkinnuz,noun,,
chin,900,ˈt͡ʃinn,noun,,
chin,1400,ˈt͡ʃin,noun,,
chin,final,ˈt͡ʃɪn,noun,,
nest,-2000,nisˈdom,noun,nest,8803
nest,200,ˈnistɑ̃,noun,,
nest,900,ˈnest,noun,,
nest,1400,ˈnɛst,noun,,
nest,final,ˈnɛst,noun,,
tool,-2000,ˈdowħdʱlom,noun,tool,8496
tool,200,ˈtɔːlɑ̃,noun,,
tool,900,ˈtoːl,noun,,
tool,1400,ˈtoːl,noun,,
ford,-2000,pr̩ˈtus,noun,ford,8320
ford,200,ˈɸurð̠uz,noun,,
ford,900,ˈford,noun,,
ford,final,ˈfɔːd,noun,,
fee,-2000,ˈpekʲu,noun,fee,8109
fee,200,ˈɸexu,noun,,
fee,900,ˈfeox,noun,,
fee,final,ˈfiː,noun,,
broad,-2000,bʱrojˈtos,adj,broad,7798
broad,200,ˈbrɑjð̠ɑz,adj,,
broad,900,ˈbrɑːd,adj,,
broad,1400,ˈbrɔːd,adj,,
broad,final,ˈbɹɔːd,adj,,
oath,-2000,ˈχojtos,noun,oath,7758
oath,200,ˈɑjθ̠ɑz,noun,,
oath,900,ˈɑːθ̠,noun,,
oath,1400,ˈɔːθ̠,noun,,
oath,final,ˈəʊθ,noun,,
sixth,-2000,ˈsekʲtoː,adj,sixth,7566
sixth,200,ˈsextɔːː,adj,,
sixth,900,ˈsikstɑ,adj,,
sixth,1400,ˈsikst,adj,,
sixth,final,ˈsɪksθ,adj,,
mere,-2000,ˈmori,noun,mere,7287
mere,200,ˈmɑri,noun,,
mere,900,ˈmere,noun,,
mere,final,ˈmɪə̯,noun,,
whale,-2000,ˈkʷalos,noun,whale,7087
whale,200,ˈxʷɑlɑz,noun,,
whale,900,ˈxwæl,noun,,
whale,1400,ˈhwal,noun,,
whale,final,ˈweɪl,noun,,
goose,-2000,ˈgʲʱħens,noun,goose,7019
goose,200,ˈɣɑns,noun,,
goose,900,ˈgoːs,noun,,
goose,1400,ˈgoːs,noun,,
goose,final,ˈguːs,noun,,
deer-animal,-2000,dʱewˈsom,noun,deer-animal,6789
deer-animal,200,ˈdewzɑ̃,noun,,
deer-animal,900,ˈdeoːr,noun,,
deer-animal,1400,ˈdeːr,noun,,
deer-animal,final,ˈdɪə,noun,,
deer-wild,-2000,dʱewˈsos,adj,deer-wild,6789
deer-wild,200,ˈdewzɑz,adj,,
deer-wild,900,ˈdeoːr,adj,,
deer-wild,final,ˈdɪə,adj,,
bare,-2000,bʱoˈsos,adj,bare,6720
bare,200,ˈbɑzɑz,adj,,
bare,900,ˈbær,adj,,
bare,1400,ˈbaːr,adj,,
bare,final,ˈbɛə,adj,,
stream,-2000,ˈsrowmos,noun,stream,6688
stream,200,ˈstrɑwmɑz,noun,,
stream,900,ˈstræɑːm,noun,,
stream,1400,ˈstrɛːm,noun,,
stream,final,ˈstɹiːm,noun,,
seed,-2000,seχˈtis,noun,seed,6336
seed,200,ˈsɛːð̠iz,noun,,
seed,900,ˈsæːd,noun,,
seed,1400,ˈseːd,noun,,
seed,final,ˈsiːd,noun,,
deed,-2000,dʱeχˈtis,noun,deed,6333
deed,200,ˈdɛːð̠iz,noun,,
deed,900,ˈdæːd,noun,,
deed,final,ˈdiːd,noun,,
flood,-2000,ploʁʷˈtus,noun,flood,6263
flood,200,ˈɸlɔːð̠uz,noun,,
flood,900,ˈfloːd,noun,,
flood,1400,ˈfloːd,noun,,
flood,final,ˈflʌd,noun,,
seventh,-2000,septm̩ˈmoː,adj,seventh,5814
seventh,200,ˈseβunð̠ɔːː,adj,,
seventh,900,ˈseofoθ̠ɑ,adj,,
seventh,1400,ˈsɛvəð̠,adj,,
seventh,final,ˈsɛvnθ,adj,,
stall,-2000,ˈstħdʱlos,noun,stall,5456
stall,200,ˈstɑllɑz,noun,,
stall,900,ˈstæɑll,noun,,
stall,final,ˈstɔːl,noun,,
oak,-2000,ˈħejgʲs,noun,oak,5200
oak,200,ˈɑjks,noun,,
oak,900,ˈɑːk,noun,,
oak,1400,ˈɔːk,noun,,
oak,final,ˈəʊk,noun,,
thread,-2000,treχˈtus,noun,thread,4985
thread,200,ˈθ̠rɛːð̠uz,noun,,
thread,900,ˈθ̠ræːd,noun,,
thread,1400,ˈθ̠rɛːd,noun,,
thread,final,ˈθɹɛd,noun,,
sour,-2000,ˈsuχros,adj,sour,4765
sour,200,ˈsuːrɑz,adj,,
sour,900,ˈsuːr,adj,,
sour,1400,ˈsuːr,adj,,
sour,final,ˈsaʊə,adj,,
frost,-2000,prusˈtos,noun,frost,4455
frost,200,ˈɸrustɑz,noun,,
frost,900,ˈforst,noun,,
frost,1400,ˈfrɔst,noun,,
frost,final,ˈfɹɒst,noun,,
eighth,-2000,okʲtoˈwoː,adj,eighth,4350
eighth,200,ˈɑxtuð̠ɔːː,adj,,
eighth,900,ˈæɑxtoθ̠ɑ,adj,,
eighth,1400,ˈæjxtəð̠,adj,,
eighth,final,ˈeɪtθ,adj,,
kin,-2000,gʲn̩ˈχjom,noun,kin,4336
kin,200,ˈkunjɑ̃,noun,,
kin,900,ˈkynn,noun,,
kin,1400,ˈkin,noun,,
kin,final,ˈkɪn,noun,,
lid,-2000,kʲliˈtom,noun,lid,4166
lid,200,ˈxlið̠ɑ̃,noun,,
lid,900,ˈxlid,noun,,
lid,1400,ˈlid,noun,,
lid,final,ˈlɪd,noun,,
doom,-2000,ˈdʱoχmos,noun,doom,3937
doom,200,ˈdɔːmɑz,noun,,
doom,900,ˈdoːm,noun,,
doom,1400,ˈdoːm,noun,,
doom,final,ˈduːm,noun,,
steer,-2000,ˈtawros,noun,steer,3892
steer,200,ˈstewrɑz,noun,,
steer,900,ˈsteoːr,noun,,
steer,1400,ˈsteːr,noun,,
steer,final,ˈstɪə,noun,,
comb,-2000,ˈgʲombʱos,noun,comb,3715
comb,200,ˈkɑmbɑz,noun,,
comb,900,ˈkɑmb,noun,,
comb,1400,ˈkɔːm,noun,,
comb,final,ˈkəʊm,noun,,
beck,-2000,ˈbʱogis,noun,beck,3601
beck,200,ˈbɑkiz,noun,,
beck,900,ˈbæk,noun,,
beck,final,ˈbɛk,noun,,
ninth,-2000,χnewn̩ˈtoː,adj,ninth,3578
ninth,200,ˈnewundɔːː,adj,,
ninth,1400,ˈniəð̠,adj,,
ninth,final,ˈnaɪnθ,adj,,
slack,-2000,ˈslogos,adj,slack,3515
slack,200,ˈslɑkɑz,adj,,
slack,900,ˈslæk,adj,,
slack,final,ˈslæk,adj,,
fax,-2000,ˈpokʲsom,noun,fax,3471
fax,200,ˈɸɑxsɑ̃,noun,,
fax,900,ˈfæɑks,noun,,
fax,1400,ˈfaks,noun,,
fax,final,ˈfæks,noun,,
foam,-2000,ˈpojmos,noun,foam,3315
foam,200,ˈɸɑjmɑz,noun,,
foam,900,ˈfɑːm,noun,,
foam,1400,ˈfɔːm,noun,,
foam,final,ˈfəʊ̯m,noun,,
rib,-2000,ˈχrebʱjom,noun,rib,3294
rib,200,ˈriβjɑ̃,noun,,
rib,900,ˈribb,noun,,
rib,final,ˈɹɪb,noun,,
ox,-2000,uˈksoː,noun,ox,3217
ox,200,ˈuxsɔːː,noun,,
ox,900,ˈoksɑ,noun,,
ox,1400,ˈɔks,noun,,
ox,final,ˈɒks,noun,,
wool,-2000,ħwl̩ˈχneħ,noun,wool,3091
wool,200,ˈwullɔː,noun,,
wool,900,ˈwull,noun,,
wool,1400,ˈwul,noun,,
wool,final,ˈwʊl,noun,,
beaver,-2000,ˈbʱebʱrus,noun,beaver,2862
beaver,200,ˈbeβruz,noun,,
beaver,900,ˈbefer,noun,,
beaver,1400,ˈbɛːvər,noun,,
beaver,final,ˈbiːvə,noun,,
reef,-2000,krewˈpos,adj,reef,2778
reef,200,ˈxrewβɑz,adj,,
reef,900,ˈxreoːf,adj,,
reef,final,ˈɹiːf,adj,,
stool,-2000,ˈstoħlos,noun,stool,2756
stool,200,ˈstɔːlɑz,noun,,
stool,900,ˈstoːl,noun,,
stool,final,ˈstuːl,noun,,
hazel,-2000,ˈkoslos,noun,hazel,2638
hazel,200,ˈxɑslɑz,noun,,
hazel,900,ˈxæsl,noun,,
hazel,1400,ˈhaːzəl,noun,,
hazel,final,ˈheɪzəl,noun,,
thorn,-2000,tr̩ˈnos,noun,thorn,2338
thorn,200,ˈθ̠urnɑz,noun,,
thorn,900,ˈθ̠orn,noun,,
thorn,1400,ˈθ̠ɔrn,noun,,
thorn,final,ˈθɔːn,noun,,
mid,-2000,ˈmedʱjos,adj,mid,2031
mid,200,ˈmið̠jɑz,adj,,
mid,900,ˈmidd,adj,,
mid,final,ˈmɪd,adj,,
marrow,-2000,mosˈgʱom,noun,marrow,2009
marrow,200,ˈmɑzɣɑ̃,noun,,
marrow,900,ˈmæɑrx,noun,,
marrow,1400,ˈmarɔw,noun,,
marrow,final,ˈmæɹəʊ,noun,,
timber,-2000,ˈdemros,noun,timber,1858
timber,200,ˈtimrɑ̃,noun,,
timber,900,ˈtimber,noun,,
timber,final,ˈtɪmbə,noun,,
dew,-2000,ˈdʱowħom,noun,dew,1834
dew,200,ˈdɑwwɑ̃,noun,,
dew,900,ˈdæɑːw,noun,,
dew,1400,ˈdɛw,noun,,
dew,final,ˈd͡ʒuː,noun,,
helm-helmet,-2000,ˈkʲelmos,noun,helm-helmet,1778
helm-helmet,200,ˈxelmɑz,noun,,
helm-helmet,900,ˈxelm,noun,,
helm-helmet,1400,ˈhɛlm,noun,,
helm-helmet,final,ˈhɛlm,noun,,
helm-handle,-2000,ˈkʲelmoː,noun,helm-handle,1778
helm-handle,900,ˈxelmɑ,noun,,
helm-handle,1400,ˈhalm,noun,,
helm-handle,final,ˈhɛlm,noun,,
hedge,-2000,kaˈgʱjeħ,noun,hedge,1777
hedge,200,ˈxɑɣjɔː,noun,,
hedge,900,ˈxejj,noun,,
hedge,1400,ˈhɛd͡ʒ,noun,,
hedge,final,ˈhɛd͡ʒ,noun,,
rye,-2000,ˈwrugʱis,noun,rye,1682
rye,200,ˈruɣiz,noun,,
rye,900,ˈryje,noun,,
rye,1400,ˈriː,noun,,
rye,final,ˈɹaɪ,noun,,
seventy,-2000,sepˈtm̩dkʲomt,num,seventy,1653
seventy,200,ˈseβuntɛːxundɑ̃,num,,
seventy,900,xundˈseofontij,num,,
seventy,1400,ˈsɛvəntiː,num,,
seventy,final,ˈsɛvənti,num,,
broth,-2000,ˈbʱrutom,noun,broth,1462
broth,200,ˈbruθ̠ɑ̃,noun,,
broth,900,ˈbroθ̠,noun,,
broth,1400,ˈbrɔθ̠,noun,,
broth,final,ˈbɹɒθ,noun,,
ey,-2000,ˈħegʱos,noun,ey,1258
ey,200,ˈɑɣɑz,noun,,
ey,900,ˈeje,noun,,
ey,1400,ˈeːɣə,noun,,
ey,final,ˈeɪ,noun,,
acre,-2000,ˈħegʲros,noun,acre,1142
acre,200,ˈɑkrɑz,noun,,
acre,900,ˈæker,noun,,
acre,1400,ˈaːkər,noun,,
acre,final,ˈeɪkə,noun,,
elk,-2000,ˈχelkʲos,noun,elk,1116
elk,200,ˈelxɑz,noun,,
elk,900,ˈeolx,noun,,
elk,1400,ˈɛlk,noun,,
elk,final,ˈɛlk,noun,,
hoof,-2000,ˈkʲoħpos,noun,hoof,1039
hoof,200,ˈxɔːɸɑz,noun,,
hoof,900,ˈxoːf,noun,,
hoof,1400,ˈhuːv,noun,,
bumblebee,-2000,ˈkm̩χelos,noun,bumblebee,1023
bumblebee,200,ˈxumelɑz,noun,,
bumblebee,final,ˈbʌmbəlˌbiː,noun,,
trough,-2000,druˈkos,noun,trough,1011
trough,200,ˈtruɣɑz,noun,,
trough,900,ˈtrog,noun,,
trough,1400,ˈtrɔx,noun,,
trough,final,ˈtɹɒf,noun,,
dole,-2000,ˈdʱajlom,noun,dole,1006
dole,200,ˈdɑjlɑ̃,noun,,
dole,900,ˈdɑːl,noun,,
dole,1400,ˈdɔːl,noun,,
dole,final,ˈdəʊl,noun,,
mead,-2000,ˈmedʱus,noun,mead,967
mead,200,ˈmeð̠uz,noun,,
mead,900,ˈmedu,noun,,
mead,1400,ˈmɛːd,noun,,
mead,final,ˈmiːd,noun,,
bane,-2000,ˈgʷʱonoː,noun,bane,961
bane,200,ˈbɑnɔːː,noun,,
bane,900,ˈbɑnɑ,noun,,
bane,1400,ˈbaːn,noun,,
bane,final,ˈbeɪn,noun,,
ell,-2000,χeˈʁʷleneħ,noun,ell,913
ell,200,ˈɑlinɔː,noun,,
ell,900,ˈeln,noun,,
ell,1400,ˈɛln,noun,,
ell,final,ˈɛl,noun,,
otter,-2000,uˈdros,noun,otter,903
otter,200,ˈutrɑz,noun,,
otter,900,ˈotr,noun,,
otter,1400,ˈɔtər,noun,,
otter,final,ˈɒtə,noun,,
stork,-2000,ˈsr̩gʲos,noun,stork,894
stork,200,ˈsturkɑz,noun,,
stork,900,ˈstork,noun,,
stork,1400,ˈstɔrk,noun,,
stork,final,ˈstɔːk,noun,,
roo,-2000,ˈχroχweħ,noun,roo,765
roo,200,ˈrɔːɔː,noun,,
roo,900,ˈroːw,noun,,
roo,1400,ˈrɔː,noun,,
midge,-2000,muˈχiħ,noun,midge,710
midge,200,ˈmuɣjɔː,noun,,
midge,900,ˈmyjj,noun,,
midge,1400,ˈmidʒ,noun,,
midge,final,ˈmɪd͡ʒ,noun,,
farrow,-2000,ˈporkʲos,noun,farrow,667
farrow,200,ˈɸɑrxɑz,noun,,
farrow,900,ˈfæɑrx,noun,,
farrow,final,ˈfæɹəʊ,noun,,
stead,-2000,ˈstħtis,noun,stead,643
stead,200,ˈstɑð̠iz,noun,,
stead,900,ˈstede,noun,,
stead,1400,ˈstɛːd,noun,,
stead,final,ˈstɛd,noun,,
yoke,-2000,juˈgom,noun,yoke,585
yoke,200,ˈjukɑ̃,noun,,
yoke,900,ˈjok,noun,,
yoke,1400,ˈjɔk,noun,,
yoke,final,ˈjəʊk,noun,,
ware,-2000,woˈros,adj,ware,585
ware,200,ˈwɑrɑz,adj,,
ware,900,ˈwær,adj,,
ware,final,ˈwɛə,adj,,
salve,-2000,solˈpeħ,noun,salve,510
salve,200,ˈsɑlβɔː,noun,,
salve,900,ˈsæɑlf,noun,,
salve,1400,ˈsalv,noun,,
shale,-2000,ˈskolχeħ,noun,shale,444
shale,200,ˈskɑlɔː,noun,,
shale,900,ˈʃæɑlu,noun,,
shale,final,ˈʃeɪl,noun,,
sunder,-2000,sn̩χˈtros,adj,sunder,386
sunder,200,ˈsundrɑz,adj,,
sunder,900,ˈsundor,adj,,
ebb,-2000,ħeˈpjoːn,noun,ebb,374
ebb,200,ˈɑβjɔ̃ː,noun,,
ebb,900,ˈebbɑ,noun,,
ebb,1400,ˈɛb,noun,,
ebb,final,ˈɛb,noun,,
bough,-2000,bʱeħˈgʲʱus,noun,bough,356
bough,200,ˈbɔːɣuz,noun,,
bough,900,ˈboːg,noun,,
bough,final,ˈbaʊ̯,noun,,
lather,-2000,ˈlowʁʷtrom,noun,lather,346
lather,200,ˈlɑwθ̠rɑ̃,noun,,
lather,900,ˈlæɑːθ̠or,noun,,
lather,final,ˈlɑːðə,noun,,
wort,-2000,ˈwreħds,noun,wort,247
wort,200,ˈwrɔːts,noun,,
wort,900,ˈwyrt,noun,,
wort,1400,ˈwirt,noun,,
wort,final,ˈwɜːt,noun,,
fallow,-2000,polˈχwos,adj,fallow,235
fallow,200,ˈɸɑlwɑz,adj,,
fallow,900,ˈfæɑlu,adj,,
neve,-2000,ˈnepoː,noun,neve,233
neve,200,ˈneɸɔːː,noun,,
neve,900,ˈnefɑ,noun,,
neve,1400,ˈnɛːv,noun,,
neve,final,ˈniːv,noun,,
ream,-2000,ˈrewgʱmn̩,noun,ream,203
ream,200,ˈrɑwmɑz,noun,,
ream,900,ˈræɑːm,noun,,
ream,1400,ˈrɛːm,noun,,
ream,final,ˈɹiːm,noun,,
dere,-2000,ˈdʱorʁʷeħ,noun,dere,199
dere,200,ˈdɑrɔː,noun,,
dere,900,ˈdɑru,noun,,
dere,1400,ˈdeːr,noun,,
dere,final,ˈdɪə,noun,,
bequest,-2000,ˈgʷettis,noun,bequest,189
bequest,200,ˈkʷissiz,noun,,
bequest,1400,ˈkwist,noun,,
bequest,final,bɪˈkwɛst,noun,,
loath,-2000,ˈħlojtos,adj,loath,169
loath,200,ˈlɑjθ̠ɑz,adj,,
loath,900,ˈlɑːθ̠,adj,,
loath,1400,ˈlɔːθ̠,adj,,
loath,final,ˈləʊθ,adj,,
gome,-2000,gʲʱm̩ˈoː,noun,gome,1
gome,200,ˈɣumɔːː,noun,,
gome,900,ˈgumɑ,noun,,
gome,1400,ˈgoːm,noun,,
gome,final,ˈgʌm,noun,,
lede,-2000,ˈχlewdʱis,noun,lede,1
lede,200,ˈliwð̠iz,noun,,
lede,900,ˈleoːd,noun,,
lede,1400,ˈleːd,noun,,
lede,final,ˈliːd,noun,,
theed,-2000,tewˈteħ,noun,theed,1
theed,200,ˈθ̠ewð̠ɔː,noun,,
theed,900,ˈθ̠eoːd,noun,,
theed,1400,ˈθ̠øːd,noun,,
theed,final,ˈθiːd,noun,,
wath,-2000,ˈwadʱom,noun,wath,1
wath,200,ˈwɑð̠ɑ̃,noun,,
wath,900,ˈwæːd,noun,,
wath,1400,ˈwaθ̠,noun,,
wath,final,ˈwæθ,noun,,
sweven,-2000,ˈswepnos,noun,sweven,1
sweven,200,ˈsweɸnɑz,noun,,
sweven,900,ˈswefn,noun,,
sweven,1400,ˈswɛvən,noun,,
sweven,final,ˈswɛvən,noun,,
quean,-2000,gʷeˈnoːn,noun,quean,1
quean,200,ˈkʷenɔ̃ː,noun,,
quean,900,ˈkwene,noun,,
quean,1400,ˈkweːn,noun,,
quean,final,ˈkwiːn,noun,,
meed,-2000,misˈdʱeħ,noun,meed,1
meed,200,ˈmizdɔː,noun,,
meed,900,ˈmeːd,noun,,
meed,1400,ˈmɛːd,noun,,
meed,final,ˈmiːd,noun,,
nift,-2000,ˈneptis,noun,nift,1
nift,200,ˈniɸtiz,noun,,
nift,900,ˈnift,noun,,
nift,1400,ˈnift,noun,,
nift,final,ˈnɪft,noun,,
sallow,-2000,soˈlwos,adj,sallow,1
sallow,200,ˈsɑlwɑz,adj,,
sallow,900,ˈsɑlu,adj,,
sallow,1400,ˈsalɔw,adj,,
sallow,final,ˈsæləʊ,adj,,
tallow,-2000,ˈdolgʱos,noun,tallow,1
tallow,200,ˈtɑlɣɑz,noun,,
tallow,900,ˈtælg,noun,,
tallow,1400,ˈtalɔw,noun,,
tallow,final,ˈtæloʊ,noun,,
erf,-2000,ˈʁʷorbʱjom,noun,erf,1
erf,200,ˈɑrβijɑ̃,noun,,
erf,900,ˈiyrfe,noun,,
erf,1400,ˈɛrv,noun,,
erf,final,ˈɜːf,noun,,
atter,-2000,ˈħejdrom,noun,atter,1
atter,200,ˈɑjtrɑ̃,noun,,
atter,900,ˈɑːtor,noun,,
atter,1400,ˈatər,noun,,
atter,final,ˈætəɹ,noun,,
welkin,-2000,wl̩ˈgnom,noun,welkin,1
welkin,200,ˈwulknɑ̃,noun,,
welkin,900,ˈwolkn,noun,,
welkin,1400,ˈwɛlkən,noun,,
welkin,final,ˈwɛlkɪn,noun,,
barm,-2000,ˈbʱormos,noun,barm,1
barm,200,ˈbɑrmɑz,noun,,
barm,900,ˈbæɑrm,noun,,
barm,1400,ˈbarm,noun,,
barm,final,ˈbɑːm,noun,,
gudą,-2000,gʲʱuˈtom,noun,gudą,1
gudą,200,ˈɣuð̠ɑ̃,noun,,
gudą,900,ˈgoːd,noun,,
gudą,1400,ˈgɔd,noun,,
halmaz,-2000,ˈkʲolħmos,noun,halmaz,1
halmaz,200,ˈxɑlmɑz,noun,,
halmaz,900,ˈxæɑlm,noun,,
halmaz,1400,ˈhalm,noun,,
segaz,-2000,ˈsegʲʱos,noun,segaz,1
segaz,200,ˈseɣɑz,noun,,
segaz,900,ˈsije,noun,,
segaz,1400,ˈsig,noun,,
ainaz,-2000,ˈχojnos,num,ainaz,1
ainaz,200,ˈɑjnɑz,num,,
ainaz,900,ˈɑːn,num,,
ainaz,1400,ˈɔːn,num,,
hundą,-2000,kʲm̩ˈtom,noun,hundą,1
hundą,200,ˈxundɑ̃,noun,,
hundą,900,ˈxund,noun,,
hundą,1400,ˈhund,noun,,
fadēr,-2000,ˈpħteːr,noun,fadēr,1
fadēr,200,ˈɸɑð̠ɛːr,noun,,
fadēr,900,ˈfæder,noun,,
fadēr,1400,ˈfadər,noun,,
mōdēr,-2000,meħˈteːr,noun,mōdēr,1
mōdēr,200,ˈmɔːð̠ɛːr,noun,,
mōdēr,900,ˈmoːdor,noun,,
mōdēr,1400,ˈmoːdər,noun,,
tehundô,-2000,ˈdekʲm̩toː,adj,tehundô,1
tehundô,200,ˈtexundɔːː,adj,,
tehundô,900,ˈteoːθ̠ɑ,adj,,
tehundô,1400,ˈtɛnð̠,adj,,
snaiwaz,-2000,ˈsnojgʷʱos,noun,snaiwaz,1
snaiwaz,200,ˈsnɑjwɑz,noun,,
snaiwaz,900,ˈsnɑːw,noun,,
snaiwaz,1400,ˈsnɑw,noun,,
harjaz,-2000,ˈkorjos,noun,harjaz,1
harjaz,200,ˈxɑrjɑz,noun,,
harjaz,900,ˈxere,noun,,
harjaz,1400,ˈhɛːr,noun,,
raudaz,-2000,χrowˈdʱos,adj,raudaz,1
raudaz,200,ˈrɑwð̠ɑz,adj,,
raudaz,900,ˈræɑːd,adj,,
raudaz,1400,ˈrɛːd,adj,,
watōr,-2000,ˈwodoːr,noun,watōr,1
watōr,200,ˈwɑtɔːr,noun,,
watōr,900,ˈwæter,noun,,
watōr,1400,ˈwatər,noun,,
ahwō,-2000,ˈħekʷeħ,noun,ahwō,1
ahwō,200,ˈɑxʷɔː,noun,,
ahwō,900,ˈæɑː,noun,,
ahwō,1400,ˈɛː,noun,,
ausô,-2000,ˈħoːws,noun,ausô,1
ausô,200,ˈɑwsɔːː,noun,,
ausô,900,ˈæɑːre,noun,,
ausô,1400,ˈɛːr,noun,,
nahts,-2000,ˈnokʷts,noun,nahts,1
nahts,200,ˈnɑxts,noun,,
nahts,900,ˈnixt,noun,,
nahts,1400,ˈnixt,noun,,
couth,-2000,ˈgʲn̩ʁʷtos,adj,couth,1
couth,200,ˈkunθ̠ɑz,adj,,
couth,900,ˈkuːθ̠,adj,,
couth,final,ˈkuːθ,adj,,
werką,-2000,ˈwergʲom,noun,werką,1
werką,200,ˈwerkɑ̃,noun,,
werką,900,ˈweork,noun,,
werką,1400,ˈwɛrk,noun,,
anguz,-2000,ˈħengʲʱus,adj,anguz,1
anguz,200,ˈɑŋguz,adj,,
anguz,900,ˈɑnge,adj,,
anguz,1400,ˈaŋg,adj,,
arbaidiz,-2000,ˈʁʷorbʱos,noun,arbaidiz,1
arbaidiz,200,ˈɑrβɑjð̠iz,noun,,
arbaidiz,900,ˈæɑrfoθ̠e,noun,,
arbaidiz,1400,ˈarvəð̠,noun,,
namô,-2000,ˈχnomoː,noun,namô,1
namô,200,ˈnɑmɔːː,noun,,
namô,900,ˈnɑmɑ,noun,,
namô,1400,ˈnaːm,noun,,
garfish,-2000,gʲʱojˈsos,noun,garfish,1
garfish,200,ˈɣɑjzɑz,noun,,
garfish,900,ˈgɑːr,noun,,
garfish,1400,ˈgɔːr,noun,,
rehtaz,-2000,ʁʷregʲˈtos,adj,rehtaz,1
rehtaz,200,ˈrextɑz,adj,,
rehtaz,900,ˈrixt,adj,,
rehtaz,1400,ˈrixt,adj,,
haimaz,-2000,ˈkʲojmos,noun,haimaz,1
haimaz,200,ˈxɑjmɑz,noun,,
haimaz,900,ˈxɑːm,noun,,
haimaz,1400,ˈhɔːm,noun,,
weraz,-2000,wiˈχros,noun,weraz,1
weraz,200,ˈwirɑz,noun,,
weraz,900,ˈwer,noun,,
weraz,1400,ˈwɛr,noun,,
wurmiz,-2000,ˈwr̩mis,noun,wurmiz,1
wurmiz,200,ˈwurmiz,noun,,
wurmiz,900,ˈwyrm,noun,,
wurmiz,1400,ˈwurm,noun,,
wagnaz,-2000,ˈwogʲʱnos,noun,wagnaz,1
wagnaz,200,ˈwɑɣnɑz,noun,,
wagnaz,900,ˈwæjn,noun,,
wagnaz,1400,ˈwæjn,noun,,
arsaz,-2000,ˈχorsos,noun,arsaz,1
arsaz,200,ˈɑrsɑz,noun,,
arsaz,900,ˈæɑrs,noun,,
arsaz,1400,ˈars,noun,,
tharm,-2000,ˈtormos,noun,tharm,1
tharm,200,ˈθ̠ɑrmɑz,noun,,
tharm,900,ˈθ̠æɑrm,noun,,
tharm,1400,ˈθ̠arm,noun,,
ajją,-2000,ħoːwˈjom,noun,ajją,1
ajją,200,ˈɑjjɑ̃,noun,,
ajją,900,ˈæːj,noun,,
ajją,1400,ˈæj,noun,,
anadz,-2000,ˈħenħets,noun,anadz,1
anadz,200,ˈɑnɑð̠z,noun,,
anadz,900,ˈened,noun,,
anadz,1400,ˈeːnd,noun,,
lauhaz,-2000,ˈlowkos,noun,lauhaz,1
lauhaz,200,ˈlɑwxɑz,noun,,
lauhaz,900,ˈlæɑːx,noun,,
lauhaz,1400,ˈlæj,noun,,
gelwaz,-2000,gʲʱelˈʁʷwos,adj,gelwaz,1
gelwaz,200,ˈɣelwɑz,adj,,
gelwaz,900,ˈjeolu,adj,,
gelwaz,1400,ˈjɛlɔw,adj,,
snuzō,-2000,snuˈseħ,noun,snuzō,1
snuzō,200,ˈsnuzɔː,noun,,
snuzō,900,ˈsnoru,noun,,
snuzō,1400,ˈsnɔːr,noun,,
wihtiz,-2000,ˈwekʷtis,noun,wihtiz,1
wihtiz,200,ˈwixtiz,noun,,
wihtiz,900,ˈwixt,noun,,
wihtiz,1400,ˈwixt,noun,,
alaz,-2000,ˈχolos,noun,alaz,1
alaz,200,ˈɑlɑz,noun,,
alaz,900,ˈæl,noun,,
alaz,1400,ˈal,noun,,
gaukaz,-2000,ˈgʱegʱugʲʱos,noun,gaukaz,1
gaukaz,200,ˈɣɑwkɑz,noun,,
gaukaz,900,ˈjæɑːk,noun,,
gaukaz,1400,ˈjɛːk,noun,,
ferhuz,-2000,ˈperkus,noun,ferhuz,1
ferhuz,200,ˈɸerxuz,noun,,
ferhuz,900,ˈfeorx,noun,,
ferhuz,1400,ˈfɛːr,noun,,
lindō,-2000,lenˈteħ,noun,lindō,1
lindō,200,ˈlindɔː,noun,,
lindō,900,ˈlind,noun,,
lindō,1400,ˈliːn,noun,,
kwernō,-2000,gʷerˈħneħ,noun,kwernō,1
kwernō,200,ˈkʷernɔː,noun,,
kwernō,900,ˈkweorn,noun,,
kwernō,1400,ˈkwɛrn,noun,,
funsaz,-2000,ˈpn̩tstos,adj,funsaz,1
funsaz,200,ˈɸunsɑz,adj,,
funsaz,900,ˈfuːs,adj,,
funsaz,1400,ˈfuːs,adj,,
faihaz,-2000,ˈpojkʲos,adj,faihaz,1
faihaz,200,ˈɸɑjxɑz,adj,,
faihaz,900,ˈfɑːx,adj,,
faihaz,1400,ˈfɔw,adj,,
buttaz-end,-2000,bʱuˈdʱnos,noun,buttaz-end,1
buttaz-end,200,ˈbuttɑz,noun,,
buttaz-end,900,ˈbytt,noun,,
buttaz-end,1400,ˈbut,noun,,
klūtaz,-2000,ˈglewdos,noun,klūtaz,1
klūtaz,200,ˈkluːtɑz,noun,,
klūtaz,900,ˈkluːt,noun,,
klūtaz,1400,ˈkluːt,noun,,
mēkijaz,-2000,ˈmeːgʲejos,noun,mēkijaz,1
mēkijaz,200,ˈmɛːkijɑz,noun,,
mēkijaz,900,ˈmæːt͡ʃe,noun,,
mēkijaz,1400,ˈmeːt͡ʃ,noun,,
wapsō,-2000,ˈwobʱseħ,noun,wapsō,1
wapsō,200,ˈwɑpsɔː,noun,,
wapsō,900,ˈwæps,noun,,
wapsō,1400,ˈwasp,noun,,
elmaz,-2000,ˈχelem,noun,elmaz,1
elmaz,200,ˈelmɑz,noun,,
elmaz,900,ˈelm,noun,,
elmaz,1400,ˈɛlm,noun,,
hūsą,-2000,ˈkuχsom,noun,hūsą,1
hūsą,200,ˈxuːsɑ̃,noun,,
hūsą,900,ˈxuːs,noun,,
hūsą,1400,ˈhuːs,noun,,
hauhaz,-2000,ˈkowkos,adj,hauhaz,1
hauhaz,200,ˈxɑwxɑz,adj,,
hauhaz,900,ˈxæɑːx,adj,,
hauhaz,1400,ˈheːx,adj,,
munþaz,-2000,ˈmn̩tos,noun,munþaz,1
munþaz,200,ˈmunθ̠ɑz,noun,,
munþaz,900,ˈmuːθ̠,noun,,
munþaz,1400,ˈmuːθ̠,noun,,
fulką,-2000,pl̩χˈgom,noun,fulką,1
fulką,200,ˈɸulkɑ̃,noun,,
fulką,900,ˈfolk,noun,,
fulką,1400,ˈfɔlk,noun,,
haiduz,-2000,kojˈtus,noun,haiduz,1
haiduz,200,ˈxɑjð̠uz,noun,,
haiduz,900,ˈxɑːd,noun,,
haiduz,1400,ˈhɔːd,noun,,
wīsaz,-2000,wejˈdsos,adj,wīsaz,1
wīsaz,200,ˈwiːsɑz,adj,,
wīsaz,900,ˈwiːs,adj,,
wīsaz,1400,ˈwiːs,adj,,
bladą,-2000,bʱl̩ʁʷˈtom,noun,bladą,1
bladą,200,ˈblɑð̠ɑ̃,noun,,
bladą,900,ˈblæd,noun,,
bladą,1400,ˈblaːd,noun,,
mundō,-2000,mn̩ˈteħ,noun,mundō,1
mundō,200,ˈmundɔː,noun,,
mundō,900,ˈmund,noun,,
mundō,1400,ˈmuːnd,noun,,
anadô,-2000,ˈħenχdʱoː,noun,anadô,1
anadô,200,ˈɑnɑð̠ɔːː,noun,,
anadô,900,ˈɑndɑ,noun,,
anadô,1400,ˈɔːnd,noun,,
haisiz,-2000,ˈkojdtis,noun,haisiz,1
haisiz,200,ˈxɑjsiz,noun,,
haisiz,900,ˈxæːs,noun,,
haisiz,1400,ˈhɛst,noun,,
gernaz,-2000,ˈgʲʱerχnos,adj,gernaz,1
gernaz,200,ˈɣernɑz,adj,,
gernaz,900,ˈjeorn,adj,,
gernaz,1400,ˈjɛːrn,adj,,
aizō,-2000,ħojˈseħ,noun,aizō,1
aizō,200,ˈɑjzɔː,noun,,
aizō,900,ˈɑːr,noun,,
aizō,1400,ˈɔːr,noun,,
bōniz,-2000,ˈbʱeħnis,noun,bōniz,1
bōniz,200,ˈbɔːniz,noun,,
bōniz,900,ˈbeːn,noun,,
bōniz,1400,ˈbɛːn,noun,,
skaduz,-2000,ˈskʲʁʷtus,noun,skaduz,1
skaduz,200,ˈskɑð̠uz,noun,,
skaduz,900,ˈʃɑdu,noun,,
skaduz,1400,ˈʃaːd,noun,,
haitaz,-2000,ˈkoħidos,adj,haitaz,1
haitaz,200,ˈxɑjtɑz,adj,,
haitaz,900,ˈxɑːt,adj,,
haitaz,1400,ˈhɔːt,adj,,
stabaz,-2000,ˈstobʱos,noun,stabaz,1
stabaz,200,ˈstɑβɑz,noun,,
stabaz,900,ˈstæf,noun,,
stabaz,1400,ˈstaf,noun,,
muldō,-2000,ml̩ħˈteħ,noun,muldō,1
muldō,200,ˈmuldɔː,noun,,
muldō,900,ˈmolde,noun,,
muldō,1400,ˈmɔld,noun,,
eath,-2000,ˈħewtus,adj,eath,1
eath,200,ˈɑwθ̠uz,adj,,
eath,900,ˈiyːθ̠e,adj,,
eath,1400,ˈɛːð̠,adj,,
stōraz,-2000,ˈsteħuros,adj,stōraz,1
stōraz,200,ˈstɔːrɑz,adj,,
stōraz,900,ˈstoːr,adj,,
stōraz,1400,ˈstɔːr,adj,,
gangaz,-2000,ˈgʲʱongʱos,noun,gangaz,1
gangaz,200,ˈɣɑŋgɑz,noun,,
gangaz,900,ˈgɑŋg,noun,,
gangaz,1400,ˈgɔŋg,noun,,
gulþīnaz,-2000,ˈgʲʱolʁʷtinos,adj,gulþīnaz,1
gulþīnaz,200,ˈɣulθ̠iːnɑz,adj,,
gulþīnaz,900,ˈgylden,adj,,
gulþīnaz,1400,ˈgiːldən,adj,,
duniz,-2000,ˈdʱunis,noun,duniz,1
duniz,200,ˈduniz,noun,,
duniz,900,ˈdyne,noun,,
duniz,1400,ˈdin,noun,,
angô-bend,-2000,ˈħenkoː,noun,angô-bend,1
angô-bend,200,ˈɑŋgɔːː,noun,,
angô-bend,900,ˈɑngɑ,noun,,
angô-bend,1400,ˈaŋg,noun,,
þarbō,-2000,torˈpeħ,noun,þarbō,1
þarbō,200,ˈθ̠ɑrβɔː,noun,,
þarbō,900,ˈθ̠æɑrf,noun,,
þarbō,1400,ˈθ̠ɛrf,noun,,
gastiz,-2000,ˈgʱostis,noun,gastiz,1
gastiz,200,ˈɣɑstiz,noun,,
gastiz,900,ˈjiyst,noun,,
ansuz,-2000,ˈħemsus,noun,ansuz,1
ansuz,200,ˈɑnsuz,noun,,
ansuz,900,ˈoːs,noun,,
tiw,-2000,dejˈwos,noun,Tiw,1
tiw,200,ˈtiːwɑz,noun,,
tiw,900,ˈtiːw,noun,,
ehwaz,-2000,ˈχekʲwos,noun,ehwaz,1
ehwaz,200,ˈexʷɑz,noun,,
ehwaz,900,ˈeox,noun,,
maguz,-2000,ˈmogʱus,noun,maguz,1
maguz,200,ˈmɑɣuz,noun,,
maguz,900,ˈmɑgu,noun,,
gunþiz,-2000,ˈgʷʱn̩tis,noun,gunþiz,1
gunþiz,200,ˈɣunθ̠iz,noun,,
gunþiz,900,ˈguːθ̠,noun,,
halsaz,-2000,ˈkolsos,noun,halsaz,1
halsaz,200,ˈxɑlsɑz,noun,,
halsaz,900,ˈxæɑls,noun,,
albī,-2000,ˈalbʱiħ,noun,albī,1
albī,200,ˈɑlβiː,noun,,
albī,900,ˈælf,noun,,
wissaz,-2000,widˈtos,adj,wissaz,1
wissaz,200,ˈwissɑz,adj,,
wissaz,900,ˈwiːs,adj,,
bergaz,-2000,ˈbʱergʲʱos,noun,bergaz,1
bergaz,200,ˈberɣɑz,noun,,
bergaz,900,ˈbeorg,noun,,
kundaz,-2000,gʲn̩χˈtos,adj,kundaz,1
kundaz,200,ˈkundɑz,adj,,
kundaz,900,ˈkund,adj,,
sessaz,-2000,sedˈtos,noun,sessaz,1
sessaz,200,ˈsessɑz,noun,,
sessaz,900,ˈsess,noun,,
hwassaz,-2000,ˈkʷχdtos,adj,hwassaz,1
hwassaz,200,ˈxʷɑssɑz,adj,,
hwassaz,900,ˈxwæs,adj,,
hleuþrą,-2000,ˈkʲlewtrom,noun,hleuþrą,1
hleuþrą,200,ˈxlewθ̠rɑ̃,noun,,
hleuþrą,900,ˈxleoːθ̠or,noun,,
niþjaz,-2000,ˈnitjos,noun,niþjaz,1
niþjaz,200,ˈniθ̠jɑz,noun,,
niþjaz,900,ˈniθ̠θ̠ɑs,noun,,
swehuraz,-2000,ˈswekʲuros,noun,swehuraz,1
swehuraz,200,ˈswexurɑz,noun,,
swehuraz,900,ˈsweoːr,noun,,
marhaz,-2000,ˈmarkos,noun,marhaz,1
marhaz,200,ˈmɑrxɑz,noun,,
marhaz,900,ˈmæɑrx,noun,,
haftaz,-2000,ˈkħptos,adj,haftaz,1
haftaz,200,ˈxɑɸtɑz,adj,,
haftaz,900,ˈxæft,adj,,
swegrō,-2000,sweˈkʲreħ,noun,swegrō,1
swegrō,200,ˈsweɣrɔː,noun,,
swegrō,900,ˈswejer,noun,,
hafraz,-2000,ˈkapros,noun,hafraz,1
hafraz,200,ˈxɑɸrɑz,noun,,
hafraz,900,ˈxæfer,noun,,
keulaz,-2000,ˈgewlos,noun,keulaz,1
keulaz,200,ˈkewlɑz,noun,,
keulaz,900,ˈt͡ʃeoːl,noun,,
nasō,-2000,ˈnħ̩seħ,noun,nasō,1
nasō,200,ˈnɑsɔː,noun,,
nasō,900,ˈnɑsu,noun,,
neurô,-2000,neˈgʷʱroː,noun,neurô,1
neurô,200,ˈnewrɔːː,noun,,
neurô,1400,ˈneːr,noun,,
fulmō,-2000,ˈpl̩ħmeħ,noun,fulmō,1
fulmō,200,ˈɸulmɔː,noun,,
fulmō,900,ˈfolm,noun,,
fersnō,-2000,ˈtpeːrsneħ,noun,fersnō,1
fersnō,200,ˈɸersnɔː,noun,,
fersnō,900,ˈfiyrsn,noun,,
weer,-2000,ˈweχros,adj,weer,1
weer,200,ˈwɛːrɑz,adj,,
weer,900,ˈwæːr,adj,,
inkô,-2000,ˈχengoː,noun,inkô,1
inkô,200,ˈiŋkɔːː,noun,,
inkô,900,ˈinkɑ,noun,,
aiwaz,-2000,ˈħoju,noun,aiwaz,1
aiwaz,200,ˈɑjwɑz,noun,,
aiwaz,900,ˈɑː,noun,,
heruz,-2000,ˈkʲerus,noun,heruz,1
heruz,200,ˈxeruz,noun,,
heruz,900,ˈxeoru,noun,,
aibraz,-2000,ˈħejbʱros,adj,aibraz,1
aibraz,200,ˈɑjβrɑz,adj,,
aibraz,900,ˈɑːfor,adj,,
tulguz,-2000,dl̩χˈgʱus,adj,tulguz,1
tulguz,200,ˈtulɣuz,adj,,
tulguz,900,ˈtulge,adj,,
sengreen,-2000,ˈsenis,adj,sengreen,1
sengreen,200,ˈsiniz,adj,,
sengreen,900,ˈsin,adj,,
magraz,-2000,ˈmħkʲros,adj,magraz,1
magraz,200,ˈmɑɣrɑz,adj,,
magraz,900,ˈmæjer,adj,,
murth,-2000,ˈmr̩tom,noun,murth,1
murth,200,ˈmurθ̠ɑ̃,noun,,
murth,900,ˈmorθ̠,noun,,
kurþrą,-2000,ˈħgr̩trom,noun,kurþrą,1
kurþrą,200,ˈkurθ̠rɑ̃,noun,,
kurþrą,900,ˈkorθ̠er,noun,,
sīmô,-2000,sħiˈmoː,noun,sīmô,1
sīmô,200,ˈsiːmɔːː,noun,,
sīmô,900,ˈsiːmɑ,noun,,
trumaz,-2000,ˈdrumos,noun,trumaz,1
trumaz,200,ˈtrumɑz,noun,,
trumaz,900,ˈwyrtˌtrumɑ,noun,,
farmaz,-2000,ˈpormos,noun,farmaz,1
farmaz,200,ˈɸɑrmɑz,noun,,
farmaz,900,ˈfæɑrm,noun,,
fetą,-2000,peˈdom,noun,fetą,1
fetą,200,ˈɸetɑ̃,noun,,
fetą,900,ˈsiːθ̠ˌfæt,noun,,
abuhaz,-2000,ˈħepoʁʷkʷos,adj,abuhaz,1
abuhaz,200,ˈɑβuxɑz,adj,,
abuhaz,900,ˈɑfuxliːt͡ʃ,adj,,
snood,-2000,snoχˈteħ,noun,snood,1
snood,200,ˈsnɔːð̠ɔː,noun,,
snood,final,ˈsnuːd,noun,,
berkō,-2000,bʱerχˈgʲeħ,noun,berkō,1
berkō,200,ˈberkɔː,noun,,
berkō,900,ˈbeork,noun,,
wurhtiz,-2000,wr̩gʲˈtis,noun,wurhtiz,1
wurhtiz,200,ˈwurxtiz,noun,,
wurhtiz,900,ˈwyrxt,noun,,
undern,-2000,ˈχn̩ter,noun,undern,1
undern,200,ˈundurniz,noun,,
undern,900,ˈundern,noun,,
staþlaz,-2000,ˈstħ̩tlos,noun,staþlaz,1
staþlaz,200,ˈstɑθ̠lɑz,noun,,
staþlaz,900,ˈstɑθ̠ol,noun,,
juhtaz,-2000,jugˈtos,adj,juhtaz,1
juhtaz,200,ˈjuxtɑz,adj,,
juhtaz,900,jeˈixt,adj,,
frijō,-2000,priˈχeħ,noun,frijō,1
frijō,200,ˈɸrijɔː,noun,,
frijō,900,ˈfreoː,noun,,
hrīdrǭ,-2000,krejˈdʱroːn,noun,hrīdrǭ,1
hrīdrǭ,200,ˈxriːð̠rɔ̃ː,noun,,
hrīdrǭ,900,ˈxridder,noun,,
dross,-2000,ˈdʱraːks,noun,dross,1
dross,200,ˈdrɔːxs,noun,,
dross,final,ˈdɹɒs,noun,,
twifōtijaz,-2000,ˈdwipoːds,adj,twifōtijaz,1
twifōtijaz,200,ˈtwiɸɔːtijɑz,adj,,
twifōtijaz,900,ˈtwiˌfeːte,adj,,
wough,-2000,ˈwonkos,adj,wough,1
wough,200,ˈwɑ̃ːxɑz,adj,,
wough,900,ˈwoːx,adj,,
reudaz,-2000,χrewˈdʱos,adj,reudaz,1
reudaz,200,ˈrewð̠ɑz,adj,,
reudaz,900,ˈreoːd,adj,,
gole,-2000,ˈgʱojlos,adj,gole,1
gole,200,ˈɣɑjlɑz,adj,,
gole,900,ˈgɑːl,adj,,
hersô,-2000,ˈkʲerħsoː,noun,hersô,1
hersô,900,ˈxærn,noun,,
hersô,1400,ˈhɛrns,noun,,
wastijō,-2000,ˈwestis,noun,wastijō,1
wastijō,200,ˈwɑstijɔː,noun,,
wastijō,900,ˈwæstliŋg,noun,,
gesteraz,-2000,ˈdʱgʲʱjesteros,adj,gesteraz,1
gesteraz,200,ˈɣesterɑz,adj,,
gesteraz,900,ˈjiystrɑn,adj,,
aunaz,-2000,ħeˈgʷʱnos,noun,aunaz,1
aunaz,200,ˈɑwnɑz,noun,,
aunaz,900,jeˈæɑːn,noun,,
muldô,-2000,ml̩χˈdʱoː,noun,muldô,1
muldô,900,ˈmoldɑ,noun,,
muldô,1400,ˈmɔld,noun,,
maltaz,-2000,ˈmoldos,adj,maltaz,1
maltaz,200,ˈmɑltɑz,adj,,
maltaz,900,ˈmæɑlt,adj,,
banjō,-2000,ˈgʷʱonjeħ,noun,banjō,1
banjō,200,ˈbɑnjɔː,noun,,
banjō,900,ˈbenn,noun,,
berhtaz,-2000,bʱergʲˈtos,adj,berhtaz,1
berhtaz,200,ˈberxtɑz,adj,,
berhtaz,900,ˈbeorxt,adj,,
taikuraz,-2000,ˈdajħuros,noun,taikuraz,1
taikuraz,200,ˈtɑjkurɑz,noun,,
taikuraz,900,ˈtɑːkor,noun,,
fruskaz,-2000,prugʱˈkʲos,noun,fruskaz,1
fruskaz,200,ˈɸruskɑz,noun,,
fruskaz,900,ˈfrosk,noun,,
furhnō,-2000,ˈpr̩kʲneħ,noun,furhnō,1
furhnō,200,ˈɸurxnɔː,noun,,
furhnō,900,ˈforn,noun,,
waker,-2000,ˈwogʲros,adj,waker,1
waker,200,ˈwɑkrɑz,adj,,
waker,900,ˈwɑkor,adj,,
þursuz,-2000,ˈtr̩sus,adj,þursuz,1
þursuz,200,ˈθ̠ursuz,adj,,
þursuz,900,ˈθ̠yrre,adj,,
wadją,-2000,ˈwodʱjom,noun,wadją,1
wadją,200,ˈwɑð̠jɑ̃,noun,,
wadją,900,ˈwedd,noun,,
þankaz,-2000,ˈtongos,noun,þankaz,1
þankaz,200,ˈθ̠ɑŋkɑz,noun,,
þankaz,900,ˈθ̠ɑŋk,noun,,
kustiz,-2000,ˈgʲustis,noun,kustiz,1
kustiz,200,ˈkustiz,noun,,
kustiz,900,ˈkyst,noun,,
auraz,-2000,χuˈχros,noun,auraz,1
auraz,200,ˈɑwrɑz,noun,,
auraz,900,ˈæɑːr,noun,,
haulaz,-2000,ˈkħewlos,noun,haulaz,1
haulaz,200,ˈxɑwlɑz,noun,,
haulaz,900,ˈxæɑːlɑ,noun,,
ailą,-2000,ˈħejdʱlom,noun,ailą,1
ailą,200,ˈɑjlɑ̃,noun,,
ailą,900,ˈɑːl,noun,,
hraznō,-2000,kroˈsneħ,noun,hraznō,1
hraznō,200,ˈxrɑznɔː,noun,,
hraznō,900,ˈxræn,noun,,
blautaz,-2000,ˈbʱlowdħos,adj,blautaz,1
blautaz,200,ˈblɑwtɑz,adj,,
blautaz,900,ˈblæɑːt,adj,,
swēsaz,-2000,ˈsweːdʱχsos,adj,swēsaz,1
swēsaz,200,ˈswɛːsɑz,adj,,
swēsaz,900,ˈswæːs,adj,,
fergunją,-2000,perˈkʷunjom,noun,fergunją,1
fergunją,200,ˈɸerɣunjɑ̃,noun,,
fergunją,900,ˈfiyrgen,noun,,
hlaiwą,-2000,ˈkʲlojwom,noun,hlaiwą,1
hlaiwą,200,ˈxlɑjwɑ̃,noun,,
hlaiwą,900,ˈxleoːw,noun,,
grindiz,-2000,ˈgʱrendʱis,noun,grindiz,1
grindiz,200,ˈɣrindiz,noun,,
grindiz,900,ˈgrindel,noun,,
spenô,-2000,ˈpstenos,noun,spenô,1
spenô,200,ˈspenɔːː,noun,,
spenô,900,ˈspɑnu,noun,,
wibraz,-2000,wiˈpros,noun,wibraz,1
wibraz,200,ˈwiβrɑz,noun,,
wibraz,900,ˈwifer,noun,,
þrawō,-2000,ˈtrowχeħti,noun,þrawō,1
þrawō,200,ˈθ̠rɑwɔː,noun,,
þrawō,900,ˈθ̠ræɑː,noun,,
gramaz,-2000,ˈgʱromos,adj,gramaz,1
gramaz,200,ˈɣrɑmɑz,adj,,
gramaz,900,ˈgrɑm,adj,,
wulbī,-2000,wl̩ˈpiħ,noun,wulbī,1
wulbī,200,ˈwulβiː,noun,,
wulbī,900,ˈwylf,noun,,
skaibaz,-2000,skojˈpos,adj,skaibaz,1
skaibaz,200,ˈskɑjβɑz,adj,,
skaibaz,900,ˈʃɑːffoːt,adj,,
glēmaz,-2000,gʲʱleˈχmos,noun,glēmaz,1
glēmaz,200,ˈɣlɛːmɑz,noun,,
glēmaz,900,ˈgloːm,noun,,
mili,-2000,ˈmelit,noun,mili,1
mili,200,ˈmili,noun,,
biridi,-2000,ˈbʱereti,verb.pres.3sg,biridi,1
biridi,200,ˈbirið̠i,verb.pres.3sg,,
berō,-2000,ˈbʱeroħ,verb.pres.1sg,berō,1
berō,200,ˈberɔː,verb.pres.1sg,,
satjō,-2000,soˈdejoħ,verb.pres.1sg,satjō,1
satjō,200,ˈsɑtjɔː,verb.pres.1sg,,
habjō,-2000,kaˈpjoħ,verb.pres.1sg,habjō,1
habjō,200,ˈxɑβjɔː,verb.pres.1sg,,
sitjō,-2000,ˈsedjoħ,verb.pres.1sg,sitjō,1
sitjō,200,ˈsitjɔː,verb.pres.1sg,,
ligjō,-2000,ˈlegʱjoħ,verb.pres.1sg,ligjō,1
ligjō,200,ˈliɣjɔː,verb.pres.1sg,,
lagjō,-2000,loˈgʱejoħ,verb.pres.1sg,lagjō,1
lagjō,200,ˈlɑɣjɔː,verb.pres.1sg,,
bidjō,-2000,ˈgʷʱedʱjoħ,verb.pres.1sg,bidjō,1
bidjō,200,ˈbið̠jɔː,verb.pres.1sg,,
itidi,-2000,ˈχedti,verb.pres.3sg,itidi,1
itidi,200,ˈitið̠i,verb.pres.3sg,,
sōkijō,-2000,ˈseħgjoħ,verb.pres.1sg,sōkijō,1
sōkijō,200,ˈsɔːkijɔː,verb.pres.1sg,,
rīdidi,-2000,ˈʁʷrejdʱχeti,verb.pres.3sg,rīdidi,1
rīdidi,200,ˈriːð̠ið̠i,verb.pres.3sg,,
biudidi,-2000,ˈbʱewdʱeti,verb.pres.3sg,biudidi,1
biudidi,200,ˈbiwð̠ið̠i,verb.pres.3sg,,
beudō,-2000,ˈbʱewdʱoħ,verb.pres.1sg,beudō,1
beudō,200,ˈbewð̠ɔː,verb.pres.1sg,,
hauzijō,-2000,ħkʲħowˈsjoħ,verb.pres.1sg,hauzijō,1
hauzijō,200,ˈxɑwzijɔː,verb.pres.1sg,,
wēidi,-2000,ˈħweːχti,verb.pres.3sg,wēidi,1
wēidi,200,ˈwɛːið̠i,verb.pres.3sg,,
rēdidi,-2000,ˈχreχdʱeti,verb.pres.3sg,rēdidi,1
rēdidi,200,ˈrɛːð̠ið̠i,verb.pres.3sg,,
bīdidi,-2000,ˈbʱejdʱeti,verb.pres.3sg,bīdidi,1
bīdidi,200,ˈbiːð̠ið̠i,verb.pres.3sg,,
bīdō,-2000,ˈbʱejdʱoħ,verb.pres.1sg,bīdō,1
bīdō,200,ˈbiːð̠ɔː,verb.pres.1sg,,
snīwidi,-2000,ˈsnejgʷʱeti,verb.pres.3sg,snīwidi,1
snīwidi,200,ˈsniːwið̠i,verb.pres.3sg,,
snīwō,-2000,ˈsnejgʷʱoħ,verb.pres.1sg,snīwō,1
snīwō,200,ˈsniːwɔː,verb.pres.1sg,,
wigidi,-2000,ˈwegʲʱeti,verb.pres.3sg,wigidi,1
wigidi,200,ˈwiɣið̠i,verb.pres.3sg,,
wegō,-2000,ˈwegʲʱoħ,verb.pres.1sg,wegō,1
wegō,200,ˈweɣɔː,verb.pres.1sg,,
dailǭ,-2000,ˈdʱajleħm,noun,dailǭ,1
dailǭ,200,ˈdɑjlɔ̃ː,noun,,
akidi,-2000,ˈħegʲeti,verb.pres.3sg,akidi,1
akidi,200,ˈɑkið̠i,verb.pres.3sg,,
akō,-2000,ˈħegʲoħ,verb.pres.1sg,akō,1
akō,200,ˈɑkɔː,verb.pres.1sg,,
alidi,-2000,ˈħeleti,verb.pres.3sg,alidi,1
alidi,200,ˈɑlið̠i,verb.pres.3sg,,
alō,-2000,ˈħeloħ,verb.pres.1sg,alō,1
alō,200,ˈɑlɔː,verb.pres.1sg,,
apaliją,-2000,ˈħeboːl,noun,apaliją,1
apaliją,200,ˈɑpɑlijɑ̃,noun,,
hilidi,-2000,ˈkʲeleti,verb.pres.3sg,hilidi,1
hilidi,200,ˈxilið̠i,verb.pres.3sg,,
helō,-2000,ˈkʲeloħ,verb.pres.1sg,helō,1
helō,200,ˈxelɔː,verb.pres.1sg,,
wurkijō,-2000,wr̩ˈgʲjoħ,verb.pres.1sg,wurkijō,1
wurkijō,200,ˈwurkijɔː,verb.pres.1sg,,
wazjō,-2000,woˈsejoħ,verb.pres.1sg,wazjō,1
wazjō,200,ˈwɑzjɔː,verb.pres.1sg,,
wagjō,-2000,woˈgʲʱejoħ,verb.pres.1sg,wagjō,1
wagjō,200,ˈwɑɣjɔː,verb.pres.1sg,,
sēmô,-2000,ˈseχmoː,noun,sēmô,1
sēmô,200,ˈsɛːmɔːː,noun,,
arô,-2000,ˈʁʷeroː,noun,arô,1
arô,200,ˈɑrɔːː,noun,,
rekwaz,-2000,ˈχregʷos,noun,rekwaz,1
rekwaz,200,ˈrekʷɑz,noun,,
ferþuz,-2000,ˈpertus,noun,ferþuz,1
ferþuz,200,ˈɸerθ̠uz,noun,,
rakjō,-2000,ʁʷroˈgʲejoħ,verb.pres.1sg,rakjō,1
rakjō,200,ˈrɑkjɔː,verb.pres.1sg,,
kuruz,-2000,gʷr̩ˈħus,adj,kuruz,1
kuruz,200,ˈkuruz,adj,,
haþuz,-2000,ˈkatus,noun,haþuz,1
haþuz,200,ˈxɑθ̠uz,noun,,
þahsuz,-2000,ˈtaksus,noun,þahsuz,1
þahsuz,200,ˈθ̠ɑxsuz,noun,,
lungraz,-2000,χln̩ˈgʷʱros,adj,lungraz,1
lungraz,200,ˈluŋgrɑz,adj,,
astaz,-2000,ˈʁʷosdos,noun,astaz,1
astaz,200,ˈɑstɑz,noun,,
hleumô,-2000,ˈkʲlewmoː,noun,hleumô,1
hleumô,200,ˈxlewmɔːː,noun,,
mīgidi,-2000,ˈʁʷmejgʲʱeti,verb.pres.3sg,mīgidi,1
mīgidi,200,ˈmiːɣið̠i,verb.pres.3sg,,
mīgō,-2000,ˈʁʷmejgʲʱoħ,verb.pres.1sg,mīgō,1
mīgō,200,ˈmiːɣɔː,verb.pres.1sg,,
stīgidi,-2000,ˈstejgʱeti,verb.pres.3sg,stīgidi,1
stīgidi,200,ˈstiːɣið̠i,verb.pres.3sg,,
stīgō,-2000,ˈstejgʱoħ,verb.pres.1sg,stīgō,1
stīgō,200,ˈstiːɣɔː,verb.pres.1sg,,
ankwô,-2000,ˈʁʷengʷoː,noun,ankwô,1
ankwô,200,ˈɑŋkʷɔːː,noun,,
wulgī,-2000,wl̩ˈkʷiħs,noun,wulgī,1
wulgī,200,ˈwulɣiː,noun,,
arjō,-2000,ˈħerjoħ,verb.pres.1sg,arjō,1
arjō,200,ˈɑrjɔː,verb.pres.1sg,,
amsaz,-2000,ˈʁʷemsos,noun,amsaz,1
amsaz,200,ˈɑmsɑz,noun,,
haihaz,-2000,keˈħikos,adj,haihaz,1
haihaz,200,ˈxɑjxɑz,adj,,
rikwizjō,-2000,χregʷeˈsjoħ,verb.pres.1sg,rikwizjō,1
rikwizjō,200,ˈrikʷizjɔː,verb.pres.1sg,,
þanjō,-2000,toˈnejoħ,verb.pres.1sg,þanjō,1
þanjō,200,ˈθ̠ɑnjɔː,verb.pres.1sg,,
hōraz,-2000,ˈkeħros,noun,hōraz,1
hōraz,200,ˈxɔːrɑz,noun,,
fadiz,-2000,poˈtis,noun,fadiz,1
fadiz,200,ˈɸɑð̠iz,noun,,
himinaz,-2000,ˈħekʲmoː,noun,himinaz,1
himinaz,200,ˈximinɑz,noun,,
strawjō,-2000,stroˈwejoħ,verb.pres.1sg,strawjō,1
strawjō,200,ˈstrɑwjɔː,verb.pres.1sg,,
nadraz,-2000,ˈnħtros,noun,nadraz,1
nadraz,200,ˈnɑð̠rɑz,noun,,
brimidi,-2000,ˈbʱremeti,verb.pres.3sg,brimidi,1
brimidi,200,ˈbrimið̠i,verb.pres.3sg,,
bremō,-2000,ˈbʱremoħ,verb.pres.1sg,bremō,1
bremō,200,ˈbremɔː,verb.pres.1sg,,
smeltō,-2000,ˈsmeldoħ,verb.pres.1sg,smeltō,1
smeltō,200,ˈsmeltɔː,verb.pres.1sg,,
algiz,-2000,χolˈkʲis,noun,algiz,1
algiz,200,ˈɑlɣiz,noun,,
wiþiz,-2000,ˈweχitis,noun,wiþiz,1
wiþiz,200,ˈwiθ̠iz,noun,,
barō,-2000,bʱoˈreħ,noun,barō,1
barō,200,ˈbɑrɔː,noun,,
kwernuz,-2000,gʷerˈħnus,noun,kwernuz,1
kwernuz,200,ˈkʷernuz,noun,,
hūnaz,-2000,kʲuˈχnos,noun,hūnaz,1
hūnaz,200,ˈxuːnɑz,noun,,
tīhidi,-2000,ˈdejkʲeti,verb.pres.3sg,tīhidi,1
tīhidi,200,ˈtiːxið̠i,verb.pres.3sg,,
tīhō,-2000,ˈdejkʲoħ,verb.pres.1sg,tīhō,1
tīhō,200,ˈtiːxɔː,verb.pres.1sg,,
turþiz,-2000,ˈdr̩tis,noun,turþiz,1
turþiz,200,ˈturθ̠iz,noun,,
saidaz,-2000,sojˈtos,noun,saidaz,1
saidaz,200,ˈsɑjð̠ɑz,noun,,
draugaz,-2000,ˈdʱrowgʱos,noun,draugaz,1
draugaz,200,ˈdrɑwɣɑz,noun,,
baidijō,-2000,bʱojˈdʱejoħ,verb.pres.1sg,baidijō,1
baidijō,200,ˈbɑjð̠ijɔː,verb.pres.1sg,,
twigimaz,-2000,ˈdwigʲʱimos,adj,twigimaz,1
twigimaz,200,ˈtwiɣimɑz,adj,,
kumþiz,-2000,ˈgʷm̩tis,noun,kumþiz,1
kumþiz,200,ˈkumθ̠iz,noun,,
tehwō,-2000,ˈdekʲweħ,noun,tehwō,1
tehwō,200,ˈtexʷɔː,noun,,
laisō,-2000,ˈlojseħ,noun,laisō,1
laisō,200,ˈlɑjsɔː,noun,,
buttaz-off,-2000,bʱuˈdnos,adj,buttaz-off,1
buttaz-off,200,ˈbuttɑz,adj,,
arjaz,-2000,ˈħerjos,adj,arjaz,1
arjaz,200,ˈɑrjɑz,adj,,
þinhslō,-2000,ˈtengʱsleħ,noun,þinhslō,1
þinhslō,900,ˈθ̠iːksl,noun,,
stadaz,-2000,ˈstħtos,adj,stadaz,1
stadaz,200,ˈstɑð̠ɑz,adj,,
rikidi,-2000,ˈʁʷregʲeti,verb.pres.3sg,rikidi,1
rikidi,200,ˈrikið̠i,verb.pres.3sg,,
rekō,-2000,ˈʁʷregʲoħ,verb.pres.1sg,rekō,1
rekō,200,ˈrekɔː,verb.pres.1sg,,
arþrą,-2000,ˈħerʁʷtrom,noun,arþrą,1
arþrą,200,ˈɑrθ̠rɑ̃,noun,,
awô,-2000,ˈħewħoː,noun,awô,1
awô,200,ˈɑwɔːː,noun,,
angô-smell,-2000,ˈħengʲʱoː,noun,angô-smell,1
angô-smell,200,ˈɑŋgɔːː,noun,,
wurhtaz,-2000,wr̩gʲˈtos,adj,wurhtaz,1
wurhtaz,200,ˈwurxtɑz,adj,,
sparwaz,-2000,ˈspeːr,noun,sparwaz,1
sparwaz,200,ˈspɑrwɑz,noun,,
wagnisô,-2000,ˈwogʷʱnis,noun,wagnisô,1
wagnisô,200,ˈwɑɣnisɔːː,noun,,
riutidi,-2000,ˈχrewdχti,verb.pres.3sg,riutidi,1
riutidi,200,ˈriwtið̠i,verb.pres.3sg,,
kwastuz,-2000,ˈgʷosdus,noun,kwastuz,1
kwastuz,200,ˈkʷɑstuz,noun,,
agiþō,-2000,ħoˈkʲeteħ,noun,agiþō,1
agiþō,200,ˈɑɣiθ̠ɔː,noun,,
kanjō,-2000,gʲonˈχejoħ,verb.pres.1sg,kanjō,1
kanjō,200,ˈkɑnjɔː,verb.pres.1sg,,
harmô,-2000,ˈkʲormoː,noun,harmô,1
harmô,900,ˈxæɑrmɑ,noun,,
hlīdō,-2000,kʲlejˈteħ,noun,hlīdō,1
hlīdō,200,ˈxliːð̠ɔː,noun,,
hlīþrō,-2000,ˈkʲlejtreħ,noun,hlīþrō,1
hlīþrō,200,ˈxliːθ̠rɔː,noun,,
hulisō,-2000,ˈkʲeloːs,noun,hulisō,1
hulisō,200,ˈxulisɔː,noun,,
þarzijō,-2000,torˈsejoħ,verb.pres.1sg,þarzijō,1
þarzijō,200,ˈθ̠ɑrzijɔː,verb.pres.1sg,,
wakwaz,-2000,ˈwogʷos,adj,wakwaz,1
wakwaz,200,ˈwɑkʷɑz,adj,,
wranhō,-2000,ˈwronkeħ,noun,wranhō,1
wranhō,200,ˈwrɑ̃ːxɔː,noun,,
aitaz,-2000,ˈħojdos,noun,aitaz,1
aitaz,200,ˈɑjtɑz,noun,,
ampraz,-2000,aˈmros,adj,ampraz,1
ampraz,200,ˈɑmprɑz,adj,,
waitijō,-2000,wojˈdejoħ,verb.pres.1sg,waitijō,1
waitijō,200,ˈwɑjtijɔː,verb.pres.1sg,,
muþraz,-2000,ˈmuχtrom,noun,muþraz,1
muþraz,200,ˈmuθ̠rɑz,noun,,
laudaz,-2000,ˈχlowdʱos,noun,laudaz,1
laudaz,200,ˈlɑwð̠ɑz,noun,,
wididi,-2000,ˈwedʱeti,verb.pres.3sg,wididi,1
wididi,200,ˈwið̠ið̠i,verb.pres.3sg,,
wedō,-2000,ˈwedʱoħ,verb.pres.1sg,wedō,1
wedō,200,ˈweð̠ɔː,verb.pres.1sg,,
lunaz,-2000,luˈχnos,noun,lunaz,1
lunaz,200,ˈlunɑz,noun,,
stōjō,-2000,stoˈħejoħ,verb.pres.1sg,stōjō,1
stōjō,200,ˈstɔːjɔː,verb.pres.1sg,,
kauzijō,-2000,gʲowˈsejoħ,verb.pres.1sg,kauzijō,1
kauzijō,200,ˈkɑwzijɔː,verb.pres.1sg,,
jeuką,-2000,ˈjewgom,noun,jeuką,1
jeuką,200,ˈjewkɑ̃,noun,,
hallą,-2000,ˈkχlnom,noun,hallą,1
hallą,200,ˈxɑllɑ̃,noun,,
hallaz,-2000,ˈkχlnos,adj,hallaz,1
hallaz,200,ˈxɑllɑz,adj,,
twajjaz,-2000,dwojˈχos,adj,twajjaz,1
twajjaz,200,ˈtwɑjjɑz,adj,,
andō,-2000,ħenχˈteħ,noun,andō,1
andō,200,ˈɑndɔː,noun,,
hlewaz,-2000,ˈkʲlewos,noun,hlewaz,1
hlewaz,200,ˈxlewɑz,noun,,
swēguraz,-2000,sweːkʲuˈros,,swēguraz,1
swēguraz,200,ˈswɛːɣurɑz,,,
maistaz,-2000,ˈmaħistos,,maistaz,1
maistaz,200,ˈmɑjstɑz,,,
frīdaz,-2000,priχˈtos,,frīdaz,1
frīdaz,200,ˈɸriːð̠ɑz,,,
undar,-2000,n̩ˈter,,undar,1
undar,200,ˈundɑr,,,
turhtaz,-2000,dr̩kʲˈtos,,turhtaz,1
turhtaz,200,ˈturxtɑz,,,
hurdiz,-2000,kr̩χˈtis,,hurdiz,1
hurdiz,200,ˈxurð̠iz,,,
wulfą,-2000,ˈwl̩kʷom,,wulfą,1
wulfą,200,ˈwulɸɑ̃,,,
hairaz,-2000,ˈkʲojros,,hairaz,1
hairaz,200,ˈxɑjrɑz,,,
hurhaz,-2000,ˈkr̩kʲos,,hurhaz,1
hurhaz,200,ˈxurxɑz,,,
hwaþaraz,-2000,ˈkʷoteros,,hwaþaraz,1
hwaþaraz,200,ˈxʷɑθ̠ɑrɑz,,,
þrinz,-2000,ˈtrins,,þrinz,1
þrinz,200,ˈθ̠rinz,,,
hwehwlaz,-2000,ˈkʷekwlos,,hwehwlaz,1
hwehwlaz,200,ˈxʷexʷlɑz,,,
niftī,-2000,ˈneptiħ,,niftī,1
niftī,200,ˈniɸtiː,,,
isti,-2000,ˈχesti,,isti,1
isti,200,ˈisti,,,
wait,-2000,ˈwojde,,wait,1
wait,200,ˈwɑjt,,,
nistaz,-2000,nisˈdos,,nistaz,1
nistaz,200,ˈnistɑz,,,
ubar,-2000,uˈper,,ubar,1
ubar,200,ˈuβɑr,,,
anhulō,-2000,ˈħankulaħ,,anhulō,1
anhulō,200,ˈɑ̃ːxulɔː,,,
angulaz,-2000,ħankuˈlos,,angulaz,1
angulaz,200,ˈɑŋgulɑz,,,
siuniz,-2000,sekwˈnis,,siuniz,1
siuniz,200,ˈsiwniz,,,
aþnaz,-2000,ˈatnos,,aþnaz,1
aþnaz,200,ˈɑθ̠nɑz,,,
tabną,-2000,ˈdħpnom,,tabną,1
tabną,200,ˈtɑβnɑ̃,,,
þas,-2000,ˈtosjo,,þas,1
þas,200,ˈθ̠ɑs,,,
hwes,-2000,ˈkʷesjo,,hwes,1
hwes,200,ˈxʷes,,,
mūs,-2000,ˈmuːs,,mūs,1
mūs,200,ˈmuːs,,,
anþaraz,-2000,ˈanteros,,anþaraz,1
anþaraz,200,ˈɑnθ̠ɑrɑz,,,
jūz,-2000,ˈjuː,,jūz,1
jūz,200,ˈjuːz,,,
hulliz,-2000,kl̩ˈχnis,,hulliz,1
hulliz,200,ˈxulliz,,,
immi,-2000,ˈχesmi,,immi,1
immi,200,ˈimmi,,,
wullǭ,-2000,ˈħwl̩χnaːm,,wullǭ,1
wullǭ,200,ˈwullɔ̃ː,,,
sijǭ,-2000,χsiˈeːm,,sijǭ,1
sijǭ,200,ˈsijɔ̃ː,,,
lukanaz,-2000,luˈgnos,,lukanaz,1
lukanaz,200,ˈlukɑnɑz,,,
wīz,-2000,ˈwej,,wīz,1
wīz,200,ˈwiːz,,,
kunją,-2000,gʲn̩ˈʁʷjom,noun,kunją,1
kunją,200,ˈkunjɑ̃,noun,,
dumbaz,-2000,ˈdʱm̩bʱos,adj,dumbaz,1
dumbaz,200,ˈdumbɑz,adj,,
hrainiz,-2000,ˈkrojnis,adj,hrainiz,1
hrainiz,200,ˈxrɑjniz,adj,,
faitaz,-2000,ˈpojħdos,adj,faitaz,1
faitaz,200,ˈɸɑjtɑz,adj,,
wissiz,-2000,ˈwedʱtis,noun,wissiz,1
wissiz,200,ˈwissiz,noun,,
drugą,-2000,ˈdʱrugʱom,noun,drugą,1
drugą,200,ˈdruɣɑ̃,noun,,
sundī,-2000,χsn̩ˈtiħ,noun,sundī,1
sundī,200,ˈsundiː,noun,,
fahaz,-2000,ˈpokʲos,noun,fahaz,1
fahaz,200,ˈɸɑxɑz,noun,,
wīhaz,-2000,ˈwejkos,adj,wīhaz,1
wīhaz,200,ˈwiːxɑz,adj,,
banō,-2000,ˈgʷʱoneħ,noun,banō,1
banō,200,ˈbɑnɔː,noun,,
tēwō,-2000,deːˈkʲweħ,noun,tēwō,1
tēwō,200,ˈtɛːwɔː,noun,,
spēdiz,-2000,speχˈtis,adj,spēdiz,1
spēdiz,200,ˈspɛːð̠iz,adj,,
aldǭ,-2000,ˈχoldʱeħm,noun,aldǭ,1
aldǭ,200,ˈɑldɔ̃ː,noun,,
sunjaz,-2000,χsn̩ˈtjos,adj,sunjaz,1
sunjaz,200,ˈsunjɑz,adj,,
aglaz,-2000,ˈħegʱlos,adj,aglaz,1
aglaz,200,ˈɑɣlɑz,adj,,
ansijō,-2000,ˈħensjeħ,noun,ansijō,1
ansijō,200,ˈɑnsijɔː,noun,,
burstiz,-2000,bʱr̩sˈtis,noun,burstiz,1
burstiz,200,ˈburstiz,noun,,
hagaz,-2000,kʲoˈkos,adj,hagaz,1
hagaz,200,ˈxɑɣɑz,adj,,
stauraz-stake,-2000,steħuˈros,noun,stauraz-stake,1
stauraz-stake,200,ˈstɑwrɑz,noun,,
stauraz-destruction,-2000,ˈtowros,noun,stauraz-destruction,1
stauraz-destruction,200,ˈstɑwrɑz,noun,,
spōlǭ,-2000,ˈspeħtleħm,noun,spōlǭ,1
spōlǭ,200,ˈspɔːlɔ̃ː,noun,,
mēraz,-2000,meˈχros,adj,mēraz,1
mēraz,200,ˈmɛːrɑz,adj,,
þeuhtēr,-2000,tewkˈteːr,noun,þeuhtēr,1
þeuhtēr,200,ˈθ̠ewxtɛːr,noun,,
dūnaz,-2000,dʱuˈħnos,noun,dūnaz,1
dūnaz,200,ˈduːnɑz,noun,,
fruþǭ,-2000,ˈprutχeħm,noun,fruþǭ,1
fruþǭ,200,ˈɸruθ̠ɔ̃ː,noun,,
dragjō,-2000,ˈdʱragʱjeħ,noun,dragjō,1
dragjō,200,ˈdrɑɣjɔː,noun,,
snauþuz,-2000,ˈksnewtus,adj,snauþuz,1
snauþuz,200,ˈsnɑwθ̠uz,adj,,
fadurbanô,-2000,ˈpħtr̩gʷʱonoː,noun,fadurbanô,1
fadurbanô,200,ˈɸɑð̠urˌbɑnɔːː,noun,,
anþą,-2000,ˈħenχtom,noun,anþą,1
anþą,200,ˈɑnθ̠ɑ̃,noun,,
hahtuz,-2000,ˈkokʲtus,noun,hahtuz,1
hahtuz,200,ˈxɑxtuz,noun,,
bardō,-2000,ˈbʱorsdʱos,noun,bardō,1
bardō,200,ˈbɑrð̠ɔː,noun,,
lawwō,-2000,lowˈχeħ,noun,lawwō,1
lawwō,200,ˈlɑwwɔː,noun,,
dain,-2000,ˈdʱowħnis,noun,dain,1
dain,200,ˈdɑwniz,noun,,
flunþrą,-2000,ˈpln̩ħtrom,noun,flunþrą,1
flunþrą,200,ˈɸlunθ̠rɑ̃,noun,,
hajaz,-2000,ˈkajos,noun,hajaz,1
hajaz,200,ˈxɑjɑz,noun,,
missaz,-2000,mitħˈtos,adj,missaz,1
missaz,200,ˈmissɑz,adj,,
skaudō,-2000,ˈskowdʱeħ,noun,skaudō,1
skaudō,200,ˈskɑwð̠ɔː,noun,,
wahtaz,-2000,ˈwokʷtos,noun,wahtaz,1
wahtaz,200,ˈwɑxtɑz,noun,,
fraiþaz,-2000,proˈχitos,,fraiþaz,1
fraiþaz,200,ˈɸrɑjθ̠ɑz,,,
sōþiz,-2000,ˈsaħtis,,sōþiz,1
sōþiz,200,ˈsɔːθ̠iz,,,
